0 110 0 110 0 106
110 0 106 156 0 0
156 0 0 0 110 0
0 110 0 0 110 0
0 110 0 156 0 0
156 0 0 110 0 -106
110 0 -106 0 110 0
0 110 0 0 110 0
0 110 0 110 0 -106
110 0 -106 0 0 -151
0 0 -151 0 110 0
0 110 0 0 110 0
0 110 0 0 0 -151
0 0 -151 -110 0 -106
-110 0 -106 0 110 0
0 110 0 0 110 0
0 110 0 -110 0 -106
-110 0 -106 -156 0 0
-156 0 0 0 110 0
0 110 0 0 110 0
0 110 0 -156 0 0
-156 0 0 -110 0 106
-110 0 106 0 110 0
0 110 0 0 110 0
0 110 0 -110 0 106
-110 0 106 0 0 151
0 0 151 0 110 0
0 110 0 0 110 0
0 110 0 0 0 151
0 0 151 110 0 106
110 0 106 0 110 0
0 110 0 0 110 0
