-78 78 0 78 78 106
78 78 106 110 110 0
110 110 0 -78 78 0
-78 78 0 -78 78 0
-78 78 0 110 110 0
110 110 0 78 78 -106
78 78 -106 -78 78 0
-78 78 0 -78 78 0
-78 78 0 78 78 -106
78 78 -106 0 0 -151
0 0 -151 -78 78 0
-78 78 0 -78 78 0
-78 78 0 0 0 -151
0 0 -151 -78 -78 -106
-78 -78 -106 -78 78 0
-78 78 0 -78 78 0
-78 78 0 -78 -78 -106
-78 -78 -106 -110 -110 0
-110 -110 0 -78 78 0
-78 78 0 -78 78 0
-78 78 0 -110 -110 0
-110 -110 0 -78 -78 106
-78 -78 106 -78 78 0
-78 78 0 -78 78 0
-78 78 0 -78 -78 106
-78 -78 106 0 0 151
0 0 151 -78 78 0
-78 78 0 -78 78 0
-78 78 0 0 0 151
0 0 151 78 78 106
78 78 106 -78 78 0
-78 78 0 -78 78 0
