OBJECT

-15,15,68;-20,19,70 -20,19,70;-11,24,70 -11,24,70;-15,15,68 
-9,19,68;-15,15,68 -15,15,68;-11,24,70 -11,24,70;-9,19,68 
-9,19,68;-11,24,70 -11,24,70;-1,26,70 -1,26,70;-9,19,68 
-1,20,68;-9,19,68 -9,19,68;-1,26,70 -1,26,70;-1,20,68 
-42,8,42;-43,8,35 -43,8,35;-42,17,35 -42,17,35;-42,8,42 
-40,16,42;-42,8,42 -42,8,42;-42,17,35 -42,17,35;-40,16,42 
-20,0,68;-26,0,70 -26,0,70;-25,10,70 -25,10,70;-20,0,68 
-19,8,68;-20,0,68 -20,0,68;-25,10,70 -25,10,70;-19,8,68 
-45,18,0;-48,0,0 -48,0,0;-44,-19,0 -44,-19,0;-45,18,0 
-20,44,0;-36,34,0 -36,34,0;-45,18,0 -45,18,0;-20,44,0 
17,45,0;-2,48,0 -2,48,0;-20,44,0 -20,44,0;17,45,0 
43,20,0;33,36,0 33,36,0;17,45,0 17,45,0;43,20,0 
43,-17,0;46,2,0 46,2,0;43,20,0 43,20,0;43,-17,0 
19,-43,0;34,-33,0 34,-33,0;43,-17,0 43,-17,0;19,-43,0 
-18,-43,0;0,-46,0 0,-46,0;19,-43,0 19,-43,0;-18,-43,0 
-44,-19,0;-34,-34,0 -34,-34,0;-18,-43,0 -18,-43,0;-44,-19,0 
-20,44,0;-45,18,0 -45,18,0;-44,-19,0 -44,-19,0;-20,44,0 
43,20,0;17,45,0 17,45,0;-20,44,0 -20,44,0;43,20,0 
19,-43,0;43,-17,0 43,-17,0;43,20,0 43,20,0;19,-43,0 
-44,-19,0;-18,-43,0 -18,-43,0;19,-43,0 19,-43,0;-44,-19,0 
43,20,0;-20,44,0 -20,44,0;-44,-19,0 -44,-19,0;43,20,0 
-44,-19,0;19,-43,0 19,-43,0;43,20,0 43,20,0;-44,-19,0 
-15,-14,68;-19,-18,70 -19,-18,70;-24,-10,70 -24,-10,70;-15,-14,68 
-19,-7,68;-15,-14,68 -15,-14,68;-24,-10,70 -24,-10,70;-19,-7,68 
6,19,68;9,25,70 9,25,70;17,20,70 17,20,70;6,19,68 
13,15,68;6,19,68 6,19,68;17,20,70 17,20,70;13,15,68 
14,-13,68;18,-17,70 18,-17,70;10,-23,70 10,-23,70;14,-13,68 
7,-17,68;14,-13,68 14,-13,68;10,-23,70 10,-23,70;7,-17,68 
17,9,68;23,11,70 23,11,70;25,1,70 25,1,70;17,9,68 
19,1,68;17,9,68 17,9,68;25,1,70 25,1,70;19,1,68 
-1,20,68;-1,26,70 -1,26,70;9,25,70 9,25,70;-1,20,68 
6,19,68;-1,20,68 -1,20,68;9,25,70 9,25,70;6,19,68 
18,-6,68;23,-9,70 23,-9,70;18,-17,70 18,-17,70;18,-6,68 
14,-13,68;18,-6,68 18,-6,68;18,-17,70 18,-17,70;14,-13,68 
7,-17,68;10,-23,70 10,-23,70;0,-25,70 0,-25,70;7,-17,68 
0,-19,68;7,-17,68 7,-17,68;0,-25,70 0,-25,70;0,-19,68 
0,-19,68;0,-25,70 0,-25,70;-10,-23,70 -10,-23,70;0,-19,68 
-8,-18,68;0,-19,68 0,-19,68;-10,-23,70 -10,-23,70;-8,-18,68 
-8,-18,68;-10,-23,70 -10,-23,70;-19,-18,70 -19,-18,70;-8,-18,68 
-15,-14,68;-8,-18,68 -8,-18,68;-19,-18,70 -19,-18,70;-15,-14,68 
-19,-7,68;-24,-10,70 -24,-10,70;-26,0,70 -26,0,70;-19,-7,68 
-20,0,68;-19,-7,68 -19,-7,68;-26,0,70 -26,0,70;-20,0,68 
19,1,68;25,1,70 25,1,70;23,-9,70 23,-9,70;19,1,68 
18,-6,68;19,1,68 19,1,68;23,-9,70 23,-9,70;18,-6,68 
13,15,68;17,20,70 17,20,70;23,11,70 23,11,70;13,15,68 
17,9,68;13,15,68 13,15,68;23,11,70 23,11,70;17,9,68 
-19,8,68;-25,10,70 -25,10,70;-20,19,70 -20,19,70;-19,8,68 
-15,15,68;-19,8,68 -19,8,68;-20,19,70 -20,19,70;-15,15,68 
-45,18,14;-45,18,0 -45,18,0;-36,34,0 -36,34,0;-45,18,14 
-36,34,14;-45,18,14 -45,18,14;-36,34,0 -36,34,0;-36,34,14 
-44,18,28;-45,18,14 -45,18,14;-36,34,14 -36,34,14;-44,18,28 
-35,33,28;-44,18,28 -44,18,28;-36,34,14 -36,34,14;-35,33,28 
-44,18,28;-35,33,28 -35,33,28;-32,31,42 -32,31,42;-44,18,28 
-40,16,42;-42,17,35 -42,17,35;-44,18,28 -44,18,28;-40,16,42 
-32,31,42;-40,16,42 -40,16,42;-44,18,28 -44,18,28;-32,31,42 
-35,14,56;-40,16,42 -40,16,42;-32,31,42 -32,31,42;-35,14,56 
-28,26,56;-35,14,56 -35,14,56;-32,31,42 -32,31,42;-28,26,56 
-25,10,70;-35,14,56 -35,14,56;-28,26,56 -28,26,56;-25,10,70 
-20,19,70;-25,10,70 -25,10,70;-28,26,56 -28,26,56;-20,19,70 
33,36,14;33,36,0 33,36,0;43,20,0 43,20,0;33,36,14 
43,20,14;33,36,14 33,36,14;43,20,0 43,20,0;43,20,14 
32,35,28;33,36,14 33,36,14;43,20,14 43,20,14;32,35,28 
41,20,28;32,35,28 32,35,28;43,20,14 43,20,14;41,20,28 
29,32,42;32,35,28 32,35,28;41,20,28 41,20,28;29,32,42 
38,18,42;29,32,42 29,32,42;41,20,28 41,20,28;38,18,42 
25,28,56;29,32,42 29,32,42;38,18,42 38,18,42;25,28,56 
32,16,56;25,28,56 25,28,56;38,18,42 38,18,42;32,16,56 
17,20,70;25,28,56 25,28,56;32,16,56 32,16,56;17,20,70 
23,11,70;17,20,70 17,20,70;32,16,56 32,16,56;23,11,70 
46,2,14;46,2,0 46,2,0;43,-17,0 43,-17,0;46,2,14 
43,-17,14;46,2,14 46,2,14;43,-17,0 43,-17,0;43,-17,14 
45,2,28;46,2,14 46,2,14;43,-17,14 43,-17,14;45,2,28 
42,-16,28;45,2,28 45,2,28;43,-17,14 43,-17,14;42,-16,28 
41,2,42;45,2,28 45,2,28;42,-16,28 42,-16,28;41,2,42 
39,-15,42;41,2,42 41,2,42;42,-16,28 42,-16,28;39,-15,42 
35,2,56;41,2,42 41,2,42;39,-15,42 39,-15,42;35,2,56 
33,-13,56;35,2,56 35,2,56;39,-15,42 39,-15,42;33,-13,56 
25,1,70;35,2,56 35,2,56;33,-13,56 33,-13,56;25,1,70 
23,-9,70;25,1,70 25,1,70;33,-13,56 33,-13,56;23,-9,70 
-44,-19,14;-44,-19,0 -44,-19,0;-48,0,0 -48,0,0;-44,-19,14 
-48,0,14;-44,-19,14 -44,-19,14;-48,0,0 -48,0,0;-48,0,14 
-44,-19,14;-48,0,14 -48,0,14;-46,0,28 -46,0,28;-44,-19,14 
-45,-9,28;-43,-18,28 -43,-18,28;-44,-19,14 -44,-19,14;-45,-9,28 
-46,0,28;-45,-9,28 -45,-9,28;-44,-19,14 -44,-19,14;-46,0,28 
-39,-17,42;-41,-18,35 -41,-18,35;-43,-9,35 -43,-9,35;-39,-17,42 
-41,-9,42;-39,-17,42 -39,-17,42;-43,-9,35 -43,-9,35;-41,-9,42 
-41,-9,42;-42,0,42 -42,0,42;-37,0,56 -37,0,56;-41,-9,42 
-34,-14,56;-39,-17,42 -39,-17,42;-41,-9,42 -41,-9,42;-34,-14,56 
-37,0,56;-34,-14,56 -34,-14,56;-41,-9,42 -41,-9,42;-37,0,56 
-24,-10,70;-34,-14,56 -34,-14,56;-37,0,56 -37,0,56;-24,-10,70 
-26,0,70;-24,-10,70 -24,-10,70;-37,0,56 -37,0,56;-26,0,70 
-18,-43,14;-18,-43,0 -18,-43,0;-34,-34,0 -34,-34,0;-18,-43,14 
-34,-34,14;-18,-43,14 -18,-43,14;-34,-34,0 -34,-34,0;-34,-34,14 
-18,-42,28;-18,-43,14 -18,-43,14;-34,-34,14 -34,-34,14;-18,-42,28 
-33,-34,28;-18,-42,28 -18,-42,28;-34,-34,14 -34,-34,14;-33,-34,28 
-16,-39,42;-18,-42,28 -18,-42,28;-33,-34,28 -33,-34,28;-16,-39,42 
-31,-31,42;-16,-39,42 -16,-39,42;-33,-34,28 -33,-34,28;-31,-31,42 
-14,-33,56;-16,-39,42 -16,-39,42;-31,-31,42 -31,-31,42;-14,-33,56 
-26,-26,56;-14,-33,56 -14,-33,56;-31,-31,42 -31,-31,42;-26,-26,56 
-10,-23,70;-14,-33,56 -14,-33,56;-26,-26,56 -26,-26,56;-10,-23,70 
-19,-18,70;-10,-23,70 -10,-23,70;-26,-26,56 -26,-26,56;-19,-18,70 
0,-46,14;0,-46,0 0,-46,0;-18,-43,0 -18,-43,0;0,-46,14 
-18,-43,14;0,-46,14 0,-46,14;-18,-43,0 -18,-43,0;-18,-43,14 
0,-45,28;0,-46,14 0,-46,14;-18,-43,14 -18,-43,14;0,-45,28 
-18,-42,28;0,-45,28 0,-45,28;-18,-43,14 -18,-43,14;-18,-42,28 
0,-41,42;0,-45,28 0,-45,28;-18,-42,28 -18,-42,28;0,-41,42 
-16,-39,42;0,-41,42 0,-41,42;-18,-42,28 -18,-42,28;-16,-39,42 
0,-35,56;0,-41,42 0,-41,42;-16,-39,42 -16,-39,42;0,-35,56 
-14,-33,56;0,-35,56 0,-35,56;-16,-39,42 -16,-39,42;-14,-33,56 
0,-25,70;0,-35,56 0,-35,56;-14,-33,56 -14,-33,56;0,-25,70 
-10,-23,70;0,-25,70 0,-25,70;-14,-33,56 -14,-33,56;-10,-23,70 
19,-43,14;19,-43,0 19,-43,0;0,-46,0 0,-46,0;19,-43,14 
0,-46,14;19,-43,14 19,-43,14;0,-46,0 0,-46,0;0,-46,14 
18,-41,28;19,-43,14 19,-43,14;0,-46,14 0,-46,14;18,-41,28 
0,-45,28;18,-41,28 18,-41,28;0,-46,14 0,-46,14;0,-45,28 
17,-38,42;18,-41,28 18,-41,28;0,-45,28 0,-45,28;17,-38,42 
0,-41,42;17,-38,42 17,-38,42;0,-45,28 0,-45,28;0,-41,42 
14,-32,56;17,-38,42 17,-38,42;0,-41,42 0,-41,42;14,-32,56 
0,-35,56;14,-32,56 14,-32,56;0,-41,42 0,-41,42;0,-35,56 
10,-23,70;14,-32,56 14,-32,56;0,-35,56 0,-35,56;10,-23,70 
0,-25,70;10,-23,70 10,-23,70;0,-35,56 0,-35,56;0,-25,70 
43,-17,14;43,-17,0 43,-17,0;34,-33,0 34,-33,0;43,-17,14 
34,-33,14;43,-17,14 43,-17,14;34,-33,0 34,-33,0;34,-33,14 
42,-16,28;43,-17,14 43,-17,14;34,-33,14 34,-33,14;42,-16,28 
34,-32,28;42,-16,28 42,-16,28;34,-33,14 34,-33,14;34,-32,28 
39,-15,42;42,-16,28 42,-16,28;34,-32,28 34,-32,28;39,-15,42 
31,-29,42;39,-15,42 39,-15,42;34,-32,28 34,-32,28;31,-29,42 
33,-13,56;39,-15,42 39,-15,42;31,-29,42 31,-29,42;33,-13,56 
26,-25,56;33,-13,56 33,-13,56;31,-29,42 31,-29,42;26,-25,56 
23,-9,70;33,-13,56 33,-13,56;26,-25,56 26,-25,56;23,-9,70 
18,-17,70;23,-9,70 23,-9,70;26,-25,56 26,-25,56;18,-17,70 
-2,48,14;-2,48,0 -2,48,0;17,45,0 17,45,0;-2,48,14 
17,45,14;-2,48,14 -2,48,14;17,45,0 17,45,0;17,45,14 
-2,46,28;-2,48,14 -2,48,14;17,45,14 17,45,14;-2,46,28 
16,44,28;-2,46,28 -2,46,28;17,45,14 17,45,14;16,44,28 
-2,43,42;-2,46,28 -2,46,28;16,44,28 16,44,28;-2,43,42 
15,40,42;-2,43,42 -2,43,42;16,44,28 16,44,28;15,40,42 
-2,37,56;-2,43,42 -2,43,42;15,40,42 15,40,42;-2,37,56 
13,35,56;-2,37,56 -2,37,56;15,40,42 15,40,42;13,35,56 
-1,26,70;-2,37,56 -2,37,56;13,35,56 13,35,56;-1,26,70 
9,25,70;-1,26,70 -1,26,70;13,35,56 13,35,56;9,25,70 
43,20,14;43,20,0 43,20,0;46,2,0 46,2,0;43,20,14 
46,2,14;43,20,14 43,20,14;46,2,0 46,2,0;46,2,14 
41,20,28;43,20,14 43,20,14;46,2,14 46,2,14;41,20,28 
45,2,28;41,20,28 41,20,28;46,2,14 46,2,14;45,2,28 
38,18,42;41,20,28 41,20,28;45,2,28 45,2,28;38,18,42 
41,2,42;38,18,42 38,18,42;45,2,28 45,2,28;41,2,42 
32,16,56;38,18,42 38,18,42;41,2,42 41,2,42;32,16,56 
35,2,56;32,16,56 32,16,56;41,2,42 41,2,42;35,2,56 
23,11,70;32,16,56 32,16,56;35,2,56 35,2,56;23,11,70 
25,1,70;23,11,70 23,11,70;35,2,56 35,2,56;25,1,70 
34,-33,14;34,-33,0 34,-33,0;19,-43,0 19,-43,0;34,-33,14 
19,-43,14;34,-33,14 34,-33,14;19,-43,0 19,-43,0;19,-43,14 
34,-32,28;34,-33,14 34,-33,14;19,-43,14 19,-43,14;34,-32,28 
18,-41,28;34,-32,28 34,-32,28;19,-43,14 19,-43,14;18,-41,28 
31,-29,42;34,-32,28 34,-32,28;18,-41,28 18,-41,28;31,-29,42 
17,-38,42;31,-29,42 31,-29,42;18,-41,28 18,-41,28;17,-38,42 
26,-25,56;31,-29,42 31,-29,42;17,-38,42 17,-38,42;26,-25,56 
14,-32,56;26,-25,56 26,-25,56;17,-38,42 17,-38,42;14,-32,56 
18,-17,70;26,-25,56 26,-25,56;14,-32,56 14,-32,56;18,-17,70 
10,-23,70;18,-17,70 18,-17,70;14,-32,56 14,-32,56;10,-23,70 
17,45,14;17,45,0 17,45,0;33,36,0 33,36,0;17,45,14 
33,36,14;17,45,14 17,45,14;33,36,0 33,36,0;33,36,14 
16,44,28;17,45,14 17,45,14;33,36,14 33,36,14;16,44,28 
32,35,28;16,44,28 16,44,28;33,36,14 33,36,14;32,35,28 
15,40,42;16,44,28 16,44,28;32,35,28 32,35,28;15,40,42 
29,32,42;15,40,42 15,40,42;32,35,28 32,35,28;29,32,42 
13,35,56;15,40,42 15,40,42;29,32,42 29,32,42;13,35,56 
25,28,56;13,35,56 13,35,56;29,32,42 29,32,42;25,28,56 
9,25,70;13,35,56 13,35,56;25,28,56 25,28,56;9,25,70 
17,20,70;9,25,70 9,25,70;25,28,56 25,28,56;17,20,70 
-34,-34,14;-34,-34,0 -34,-34,0;-44,-19,0 -44,-19,0;-34,-34,14 
-44,-19,14;-34,-34,14 -34,-34,14;-44,-19,0 -44,-19,0;-44,-19,14 
-33,-34,28;-34,-34,14 -34,-34,14;-44,-19,14 -44,-19,14;-33,-34,28 
-43,-18,28;-33,-34,28 -33,-34,28;-44,-19,14 -44,-19,14;-43,-18,28 
-33,-34,28;-43,-18,28 -43,-18,28;-41,-18,35 -41,-18,35;-33,-34,28 
-39,-17,42;-31,-31,42 -31,-31,42;-33,-34,28 -33,-34,28;-39,-17,42 
-41,-18,35;-39,-17,42 -39,-17,42;-33,-34,28 -33,-34,28;-41,-18,35 
-26,-26,56;-31,-31,42 -31,-31,42;-39,-17,42 -39,-17,42;-26,-26,56 
-34,-14,56;-26,-26,56 -26,-26,56;-39,-17,42 -39,-17,42;-34,-14,56 
-19,-18,70;-26,-26,56 -26,-26,56;-34,-14,56 -34,-14,56;-19,-18,70 
-24,-10,70;-19,-18,70 -19,-18,70;-34,-14,56 -34,-14,56;-24,-10,70 
-48,0,14;-48,0,0 -48,0,0;-45,18,0 -45,18,0;-48,0,14 
-45,18,14;-48,0,14 -48,0,14;-45,18,0 -45,18,0;-45,18,14 
-48,0,14;-45,18,14 -45,18,14;-44,18,28 -44,18,28;-48,0,14 
-45,9,28;-46,0,28 -46,0,28;-48,0,14 -48,0,14;-45,9,28 
-44,18,28;-45,9,28 -45,9,28;-48,0,14 -48,0,14;-44,18,28 
-63,-1,47;-46,0,28 -46,0,28;-45,9,28 -45,9,28;-63,-1,47 
-62,4,47;-63,-1,47 -63,-1,47;-45,9,28 -45,9,28;-62,4,47 
-42,8,42;-40,16,42 -40,16,42;-35,14,56 -35,14,56;-42,8,42 
-37,0,56;-42,0,42 -42,0,42;-42,8,42 -42,8,42;-37,0,56 
-35,14,56;-37,0,56 -37,0,56;-42,8,42 -42,8,42;-35,14,56 
-26,0,70;-37,0,56 -37,0,56;-35,14,56 -35,14,56;-26,0,70 
-25,10,70;-26,0,70 -26,0,70;-35,14,56 -35,14,56;-25,10,70 
-20,44,14;-20,44,0 -20,44,0;-2,48,0 -2,48,0;-20,44,14 
-2,48,14;-20,44,14 -20,44,14;-2,48,0 -2,48,0;-2,48,14 
-20,43,28;-20,44,14 -20,44,14;-2,48,14 -2,48,14;-20,43,28 
-2,46,28;-20,43,28 -20,43,28;-2,48,14 -2,48,14;-2,46,28 
-18,39,42;-20,43,28 -20,43,28;-2,46,28 -2,46,28;-18,39,42 
-2,43,42;-18,39,42 -18,39,42;-2,46,28 -2,46,28;-2,43,42 
-16,34,56;-18,39,42 -18,39,42;-2,43,42 -2,43,42;-16,34,56 
-2,37,56;-16,34,56 -16,34,56;-2,43,42 -2,43,42;-2,37,56 
-11,24,70;-16,34,56 -16,34,56;-2,37,56 -2,37,56;-11,24,70 
-1,26,70;-11,24,70 -11,24,70;-2,37,56 -2,37,56;-1,26,70 
-36,34,14;-36,34,0 -36,34,0;-20,44,0 -20,44,0;-36,34,14 
-20,44,14;-36,34,14 -36,34,14;-20,44,0 -20,44,0;-20,44,14 
-35,33,28;-36,34,14 -36,34,14;-20,44,14 -20,44,14;-35,33,28 
-20,43,28;-35,33,28 -35,33,28;-20,44,14 -20,44,14;-20,43,28 
-32,31,42;-35,33,28 -35,33,28;-20,43,28 -20,43,28;-32,31,42 
-18,39,42;-32,31,42 -32,31,42;-20,43,28 -20,43,28;-18,39,42 
-28,26,56;-32,31,42 -32,31,42;-18,39,42 -18,39,42;-28,26,56 
-16,34,56;-28,26,56 -28,26,56;-18,39,42 -18,39,42;-16,34,56 
-20,19,70;-28,26,56 -28,26,56;-16,34,56 -16,34,56;-20,19,70 
-11,24,70;-20,19,70 -20,19,70;-16,34,56 -16,34,56;-11,24,70 
-43,8,35;-45,9,28 -45,9,28;-44,18,28 -44,18,28;-43,8,35 
-42,17,35;-43,8,35 -43,8,35;-44,18,28 -44,18,28;-42,17,35 
-61,4,51;-43,8,35 -43,8,35;-42,8,42 -42,8,42;-61,4,51 
-60,4,55;-61,4,51 -61,4,51;-42,8,42 -42,8,42;-60,4,55 
-60,-5,55;-41,-9,42 -41,-9,42;-43,-9,35 -43,-9,35;-60,-5,55 
-61,-5,51;-60,-5,55 -60,-5,55;-43,-9,35 -43,-9,35;-61,-5,51 
-62,-6,47;-45,-9,28 -45,-9,28;-46,0,28 -46,0,28;-62,-6,47 
-63,-1,47;-62,-6,47 -62,-6,47;-46,0,28 -46,0,28;-63,-1,47 
-41,-18,35;-43,-18,28 -43,-18,28;-45,-9,28 -45,-9,28;-41,-18,35 
-43,-9,35;-41,-18,35 -41,-18,35;-45,-9,28 -45,-9,28;-43,-9,35 
-69,-6,50;-62,-6,47 -62,-6,47;-63,-1,47 -63,-1,47;-69,-6,50 
-70,-1,50;-69,-6,50 -69,-6,50;-63,-1,47 -63,-1,47;-70,-1,50 
-67,3,58;-60,4,55 -60,4,55;-60,-1,55 -60,-1,55;-67,3,58 
-68,-1,58;-67,3,58 -67,3,58;-60,-1,55 -60,-1,55;-68,-1,58 
-69,4,50;-62,4,47 -62,4,47;-61,4,51 -61,4,51;-69,4,50 
-68,4,54;-69,4,50 -69,4,50;-61,4,51 -61,4,51;-68,4,54 
-67,-5,58;-60,-5,55 -60,-5,55;-61,-5,51 -61,-5,51;-67,-5,58 
-68,-6,54;-67,-5,58 -67,-5,58;-61,-5,51 -61,-5,51;-68,-6,54 
-60,-1,55;-42,0,42 -42,0,42;-41,-9,42 -41,-9,42;-60,-1,55 
-60,-5,55;-60,-1,55 -60,-1,55;-41,-9,42 -41,-9,42;-60,-5,55 
-61,-5,51;-43,-9,35 -43,-9,35;-45,-9,28 -45,-9,28;-61,-5,51 
-62,-6,47;-61,-5,51 -61,-5,51;-45,-9,28 -45,-9,28;-62,-6,47 
-62,4,47;-45,9,28 -45,9,28;-43,8,35 -43,8,35;-62,4,47 
-61,4,51;-62,4,47 -62,4,47;-43,8,35 -43,8,35;-61,4,51 
-60,4,55;-42,8,42 -42,8,42;-42,0,42 -42,0,42;-60,4,55 
-60,-1,55;-60,4,55 -60,4,55;-42,0,42 -42,0,42;-60,-1,55 
-74,-1,51;-70,-1,50 -70,-1,50;-69,4,50 -69,4,50;-74,-1,51 
-74,4,51;-74,-1,51 -74,-1,51;-69,4,50 -69,4,50;-74,4,51 
-68,-6,54;-61,-5,51 -61,-5,51;-62,-6,47 -62,-6,47;-68,-6,54 
-69,-6,50;-68,-6,54 -68,-6,54;-62,-6,47 -62,-6,47;-69,-6,50 
-68,4,54;-61,4,51 -61,4,51;-60,4,55 -60,4,55;-68,4,54 
-67,3,58;-68,4,54 -68,4,54;-60,4,55 -60,4,55;-67,3,58 
-70,-1,50;-63,-1,47 -63,-1,47;-62,4,47 -62,4,47;-70,-1,50 
-69,4,50;-70,-1,50 -70,-1,50;-62,4,47 -62,4,47;-69,4,50 
-68,-1,58;-60,-1,55 -60,-1,55;-60,-5,55 -60,-5,55;-68,-1,58 
-67,-5,58;-68,-1,58 -68,-1,58;-60,-5,55 -60,-5,55;-67,-5,58 
-73,-6,51;-69,-6,50 -69,-6,50;-70,-1,50 -70,-1,50;-73,-6,51 
-74,-1,51;-73,-6,51 -73,-6,51;-70,-1,50 -70,-1,50;-74,-1,51 
-70,4,55;-68,4,54 -68,4,54;-67,3,58 -67,3,58;-70,4,55 
-74,4,51;-69,4,50 -69,4,50;-68,4,54 -68,4,54;-74,4,51 
-70,4,55;-74,4,51 -74,4,51;-68,4,54 -68,4,54;-70,4,55 
-70,-6,55;-68,-6,54 -68,-6,54;-69,-6,50 -69,-6,50;-70,-6,55 
-73,-6,51;-70,-6,55 -70,-6,55;-69,-6,50 -69,-6,50;-73,-6,51 
-70,-6,55;-67,-5,58 -67,-5,58;-68,-6,54 -68,-6,54;-70,-6,55 
-67,-5,58;-67,-5,58 -67,-5,58;-68,-1,58 -68,-1,58;-67,-5,58 
-68,-1,58;-67,-5,58 -67,-5,58;-68,-1,58 -68,-1,58;-68,-1,58 
-68,-1,58;-68,-1,58 -68,-1,58;-67,3,58 -67,3,58;-68,-1,58 
-67,3,58;-68,-1,58 -68,-1,58;-67,3,58 -67,3,58;-67,3,58 
-74,-1,51;-74,-1,52 -74,-1,52;-73,-6,52 -73,-6,52;-74,-1,51 
-73,-6,51;-74,-1,51 -74,-1,51;-73,-6,52 -73,-6,52;-73,-6,51 
-74,4,51;-73,3,52 -73,3,52;-74,-1,52 -74,-1,52;-74,4,51 
-74,-1,51;-74,4,51 -74,4,51;-74,-1,52 -74,-1,52;-74,-1,51 
-67,3,58;-67,3,58 -67,3,58;-70,3,55 -70,3,55;-67,3,58 
-70,4,55;-67,3,58 -67,3,58;-70,3,55 -70,3,55;-70,4,55 
-70,4,55;-70,3,55 -70,3,55;-73,3,52 -73,3,52;-70,4,55 
-74,4,51;-70,4,55 -70,4,55;-73,3,52 -73,3,52;-74,4,51 
-73,-6,51;-73,-6,52 -73,-6,52;-70,-5,55 -70,-5,55;-73,-6,51 
-70,-6,55;-73,-6,51 -73,-6,51;-70,-5,55 -70,-5,55;-70,-6,55 
-70,-6,55;-70,-5,55 -70,-5,55;-67,-5,58 -67,-5,58;-70,-6,55 
-67,-5,58;-70,-6,55 -70,-6,55;-67,-5,58 -67,-5,58;-67,-5,58 
-62,-4,55;-67,-5,58 -67,-5,58;-70,-5,55 -70,-5,55;-62,-4,55 
-64,-5,52;-62,-4,55 -62,-4,55;-70,-5,55 -70,-5,55;-64,-5,52 
-64,2,52;-62,2,55 -62,2,55;-62,-1,55 -62,-1,55;-64,2,52 
-67,-2,50;-67,2,50 -67,2,50;-64,2,52 -64,2,52;-67,-2,50 
-64,-5,52;-66,-5,50 -66,-5,50;-67,-2,50 -67,-2,50;-64,-5,52 
-62,-1,55;-62,-4,55 -62,-4,55;-64,-5,52 -64,-5,52;-62,-1,55 
-67,-2,50;-64,2,52 -64,2,52;-62,-1,55 -62,-1,55;-67,-2,50 
-64,-5,52;-67,-2,50 -67,-2,50;-62,-1,55 -62,-1,55;-64,-5,52 
-67,2,50;-73,3,52 -73,3,52;-70,3,55 -70,3,55;-67,2,50 
-64,2,52;-67,2,50 -67,2,50;-70,3,55 -70,3,55;-64,2,52 
-67,-2,50;-74,-1,52 -74,-1,52;-73,3,52 -73,3,52;-67,-2,50 
-67,2,50;-67,-2,50 -67,-2,50;-73,3,52 -73,3,52;-67,2,50 
-62,2,55;-67,3,58 -67,3,58;-68,-1,58 -68,-1,58;-62,2,55 
-62,-1,55;-62,2,55 -62,2,55;-68,-1,58 -68,-1,58;-62,-1,55 
-64,-5,52;-70,-5,55 -70,-5,55;-73,-6,52 -73,-6,52;-64,-5,52 
-66,-5,50;-64,-5,52 -64,-5,52;-73,-6,52 -73,-6,52;-66,-5,50 
-64,2,52;-70,3,55 -70,3,55;-67,3,58 -67,3,58;-64,2,52 
-62,2,55;-64,2,52 -64,2,52;-67,3,58 -67,3,58;-62,2,55 
-66,-5,50;-73,-6,52 -73,-6,52;-74,-1,52 -74,-1,52;-66,-5,50 
-67,-2,50;-66,-5,50 -66,-5,50;-74,-1,52 -74,-1,52;-67,-2,50 
-62,-1,55;-68,-1,58 -68,-1,58;-67,-5,58 -67,-5,58;-62,-1,55 
-62,-4,55;-62,-1,55 -62,-1,55;-67,-5,58 -67,-5,58;-62,-4,55 
-31,-4,62;-29,-4,66 -29,-4,66;-29,0,66 -29,0,66;-31,-4,62 
-32,0,62;-31,-4,62 -31,-4,62;-29,0,66 -29,0,66;-32,0,62 
-31,-2,64;-32,0,62 -32,0,62;-29,0,66 -29,0,66;-31,-2,64 
-30,-1,64;-31,-2,64 -31,-2,64;-29,0,66 -29,0,66;-30,-1,64 
-29,-4,66;-30,-2,64 -30,-2,64;-30,-2,64 -30,-2,64;-29,-4,66 
-30,-2,64;-30,-1,64 -30,-1,64;-29,0,66 -29,0,66;-30,-2,64 
-29,-4,66;-30,-2,64 -30,-2,64;-30,-2,64 -30,-2,64;-29,-4,66 
-29,-4,66;-30,-2,64 -30,-2,64;-29,0,66 -29,0,66;-29,-4,66 
-32,-4,62;-31,-4,62 -31,-4,62;-32,0,62 -32,0,62;-32,-4,62 
-32,0,62;-32,-4,62 -32,-4,62;-32,0,62 -32,0,62;-32,0,62 
-34,4,81;-29,4,66 -29,4,66;-29,4,66 -29,4,66;-34,4,81 
-34,4,81;-34,4,81 -34,4,81;-29,4,66 -29,4,66;-34,4,81 
-29,-4,66;-29,-4,66 -29,-4,66;-31,-4,62 -31,-4,62;-29,-4,66 
-32,-4,62;-29,-4,66 -29,-4,66;-31,-4,62 -31,-4,62;-32,-4,62 
-32,4,62;-32,4,62 -32,4,62;-29,4,66 -29,4,66;-32,4,62 
-29,4,66;-32,4,62 -32,4,62;-29,4,66 -29,4,66;-29,4,66 
-34,-4,91;-34,-4,90 -34,-4,90;-35,0,90 -35,0,90;-34,-4,91 
-35,0,91;-34,-4,91 -34,-4,91;-35,0,90 -35,0,90;-35,0,91 
-32,0,62;-32,0,62 -32,0,62;-32,4,62 -32,4,62;-32,0,62 
-32,4,62;-32,0,62 -32,0,62;-32,4,62 -32,4,62;-32,4,62 
-32,4,62;-29,4,66 -29,4,66;-31,2,64 -31,2,64;-32,4,62 
-31,2,64;-29,0,66 -29,0,66;-32,0,62 -32,0,62;-31,2,64 
-31,2,64;-31,2,64 -31,2,64;-32,0,62 -32,0,62;-31,2,64 
-32,4,62;-31,2,64 -31,2,64;-31,2,64 -31,2,64;-32,4,62 
-31,2,64;-31,2,64 -31,2,64;-32,0,62 -32,0,62;-31,2,64 
-32,4,62;-31,2,64 -31,2,64;-31,2,64 -31,2,64;-32,4,62 
-31,2,64;-32,0,62 -32,0,62;-32,4,62 -32,4,62;-31,2,64 
-32,0,62;-29,0,66 -29,0,66;-29,4,66 -29,4,66;-32,0,62 
-32,4,62;-32,0,62 -32,0,62;-29,4,66 -29,4,66;-32,4,62 
-34,-4,81;-29,-4,66 -29,-4,66;-29,0,66 -29,0,66;-34,-4,81 
-35,0,81;-34,-4,81 -34,-4,81;-29,0,66 -29,0,66;-35,0,81 
-34,4,81;-29,4,66 -29,4,66;-29,0,66 -29,0,66;-34,4,81 
-34,0,81;-34,4,81 -34,4,81;-29,0,66 -29,0,66;-34,0,81 
-31,0,99;-21,0,112 -21,0,112;-21,5,111 -21,5,111;-31,0,99 
-30,4,98;-31,0,99 -31,0,99;-21,5,111 -21,5,111;-30,4,98 
-35,0,81;-29,0,66 -29,0,66;-29,4,66 -29,4,66;-35,0,81 
-34,4,81;-35,0,81 -35,0,81;-29,4,66 -29,4,66;-34,4,81 
-35,0,91;-35,0,90 -35,0,90;-34,-4,90 -34,-4,90;-35,0,91 
-34,-4,90;-35,0,91 -35,0,91;-34,-4,90 -34,-4,90;-34,-4,90 
-34,4,91;-34,4,90 -34,4,90;-34,4,90 -34,4,90;-34,4,91 
-34,4,90;-34,4,91 -34,4,91;-34,4,90 -34,4,90;-34,4,90 
-34,0,81;-29,0,66 -29,0,66;-29,-4,66 -29,-4,66;-34,0,81 
-34,-4,81;-34,0,81 -34,0,81;-29,-4,66 -29,-4,66;-34,-4,81 
-35,0,91;-35,0,90 -35,0,90;-34,4,90 -34,4,90;-35,0,91 
-34,4,91;-35,0,91 -35,0,91;-34,4,90 -34,4,90;-34,4,91 
-34,-4,81;-29,-4,66 -29,-4,66;-29,-4,66 -29,-4,66;-34,-4,81 
-34,-4,81;-34,-4,81 -34,-4,81;-29,-4,66 -29,-4,66;-34,-4,81 
-34,-4,90;-34,-4,90 -34,-4,90;-34,-4,90 -34,-4,90;-34,-4,90 
-34,-4,91;-34,-4,90 -34,-4,90;-34,-4,90 -34,-4,90;-34,-4,91 
-30,-4,98;-20,-4,111 -20,-4,111;-21,0,112 -21,0,112;-30,-4,98 
-31,0,99;-30,-4,98 -30,-4,98;-21,0,112 -21,0,112;-31,0,99 
-30,4,98;-21,5,111 -21,5,111;-21,0,112 -21,0,112;-30,4,98 
-31,0,99;-30,4,98 -30,4,98;-21,0,112 -21,0,112;-31,0,99 
-31,0,99;-21,0,112 -21,0,112;-20,-4,111 -20,-4,111;-31,0,99 
-30,-4,98;-31,0,99 -31,0,99;-20,-4,111 -20,-4,111;-30,-4,98 
-30,-4,98;-20,-4,111 -20,-4,111;-20,-4,111 -20,-4,111;-30,-4,98 
-30,-4,98;-30,-4,98 -30,-4,98;-20,-4,111 -20,-4,111;-30,-4,98 
-30,4,98;-21,5,111 -21,5,111;-21,5,111 -21,5,111;-30,4,98 
-30,4,98;-30,4,98 -30,4,98;-21,5,111 -21,5,111;-30,4,98 
-20,-4,110;-20,-4,111 -20,-4,111;-2,-4,112 -2,-4,112;-20,-4,110 
-2,-4,112;-20,-4,110 -20,-4,110;-2,-4,112 -2,-4,112;-2,-4,112 
-2,5,112;-21,5,111 -21,5,111;-21,5,111 -21,5,111;-2,5,112 
-2,5,112;-2,5,112 -2,5,112;-21,5,111 -21,5,111;-2,5,112 
-21,0,111;-21,0,112 -21,0,112;-20,-4,111 -20,-4,111;-21,0,111 
-20,-4,110;-21,0,111 -21,0,111;-20,-4,111 -20,-4,111;-20,-4,110 
-20,-4,114;-20,-4,111 -20,-4,111;-21,0,112 -21,0,112;-20,-4,114 
-20,0,114;-20,-4,114 -20,-4,114;-21,0,112 -21,0,112;-20,0,114 
-2,5,115;-2,5,112 -2,5,112;18,6,111 18,6,111;-2,5,115 
18,6,114;-2,5,115 -2,5,115;18,6,111 18,6,111;18,6,114 
-2,-4,112;-20,-4,111 -20,-4,111;-20,-4,111 -20,-4,111;-2,-4,112 
-2,-4,112;-2,-4,112 -2,-4,112;-20,-4,111 -20,-4,111;-2,-4,112 
30,6,62;27,6,66 27,6,66;28,1,66 28,1,66;30,6,62 
31,1,62;30,6,62 30,6,62;28,1,66 28,1,66;31,1,62 
31,1,62;28,1,66 28,1,66;29,3,64 29,3,64;31,1,62 
29,4,64;27,6,66 27,6,66;30,6,62 30,6,62;29,4,64 
29,4,64;29,4,64 29,4,64;30,6,62 30,6,62;29,4,64 
31,1,62;29,3,64 29,3,64;29,3,64 29,3,64;31,1,62 
29,3,64;29,4,64 29,4,64;30,6,62 30,6,62;29,3,64 
31,1,62;29,3,64 29,3,64;29,3,64 29,3,64;31,1,62 
29,3,64;30,6,62 30,6,62;31,1,62 31,1,62;29,3,64 
30,6,62;30,6,62 30,6,62;31,1,62 31,1,62;30,6,62 
31,1,62;30,6,62 30,6,62;31,1,62 31,1,62;31,1,62 
27,6,66;27,6,66 27,6,66;30,6,62 30,6,62;27,6,66 
30,6,62;27,6,66 27,6,66;30,6,62 30,6,62;30,6,62 
30,-3,62;30,-3,62 30,-3,62;27,-3,66 27,-3,66;30,-3,62 
28,-3,66;30,-3,62 30,-3,62;27,-3,66 27,-3,66;28,-3,66 
31,1,62;31,1,62 31,1,62;30,-3,62 30,-3,62;31,1,62 
30,-3,62;31,1,62 31,1,62;30,-3,62 30,-3,62;30,-3,62 
30,-3,62;28,-3,66 28,-3,66;29,-1,64 29,-1,64;30,-3,62 
29,0,64;28,1,66 28,1,66;31,1,62 31,1,62;29,0,64 
29,0,64;29,0,64 29,0,64;31,1,62 31,1,62;29,0,64 
30,-3,62;29,-1,64 29,-1,64;29,-1,64 29,-1,64;30,-3,62 
29,-1,64;29,0,64 29,0,64;31,1,62 31,1,62;29,-1,64 
29,-1,64;31,1,62 31,1,62;30,-3,62 30,-3,62;29,-1,64 
31,1,62;28,1,66 28,1,66;27,-3,66 27,-3,66;31,1,62 
30,-3,62;31,1,62 31,1,62;27,-3,66 27,-3,66;30,-3,62 
18,6,111;-2,5,112 -2,5,112;-2,5,112 -2,5,112;18,6,111 
18,6,111;18,6,111 18,6,111;-2,5,112 -2,5,112;18,6,111 
18,-3,114;18,-3,111 18,-3,111;-2,-4,112 -2,-4,112;18,-3,114 
-1,-4,115;18,-3,114 18,-3,114;-2,-4,112 -2,-4,112;-1,-4,115 
18,6,110;18,6,111 18,6,111;-2,5,112 -2,5,112;18,6,110 
-2,5,112;18,6,110 18,6,110;-2,5,112 -2,5,112;-2,5,112 
-2,-4,112;-2,-4,112 -2,-4,112;18,-3,111 18,-3,111;-2,-4,112 
18,-3,110;-2,-4,112 -2,-4,112;18,-3,111 18,-3,111;18,-3,110 
18,-3,111;-2,-4,112 -2,-4,112;-2,-4,112 -2,-4,112;18,-3,111 
18,-3,111;18,-3,111 18,-3,111;-2,-4,112 -2,-4,112;18,-3,111 
18,1,114;18,1,112 18,1,112;18,-3,111 18,-3,111;18,1,114 
18,-3,114;18,1,114 18,1,114;18,-3,111 18,-3,111;18,-3,114 
32,-3,89;32,-3,90 32,-3,90;32,2,90 32,2,90;32,-3,89 
32,2,90;32,-3,89 32,-3,89;32,2,90 32,2,90;32,2,90 
32,-3,89;32,-3,90 32,-3,90;32,-3,90 32,-3,90;32,-3,89 
32,-3,89;32,-3,89 32,-3,89;32,-3,90 32,-3,90;32,-3,89 
32,2,90;32,2,90 32,2,90;32,-3,90 32,-3,90;32,2,90 
32,-3,89;32,2,90 32,2,90;32,-3,90 32,-3,90;32,-3,89 
27,6,66;31,6,80 31,6,80;32,2,80 32,2,80;27,6,66 
28,1,66;27,6,66 27,6,66;32,2,80 32,2,80;28,1,66 
32,2,90;32,2,90 32,2,90;32,6,90 32,6,90;32,2,90 
32,6,89;32,2,90 32,2,90;32,6,90 32,6,90;32,6,89 
32,6,89;32,6,90 32,6,90;31,6,90 31,6,90;32,6,89 
31,6,89;32,6,89 32,6,89;31,6,90 31,6,90;31,6,89 
27,-3,99;18,-3,111 18,-3,111;18,1,112 18,1,112;27,-3,99 
28,1,99;27,-3,99 27,-3,99;18,1,112 18,1,112;28,1,99 
28,1,99;18,1,111 18,1,111;18,-3,111 18,-3,111;28,1,99 
27,-3,99;28,1,99 28,1,99;18,-3,111 18,-3,111;27,-3,99 
27,6,99;18,6,111 18,6,111;18,1,111 18,1,111;27,6,99 
28,1,99;27,6,99 27,6,99;18,1,111 18,1,111;28,1,99 
27,-3,99;18,-3,111 18,-3,111;18,-3,111 18,-3,111;27,-3,99 
27,-3,99;27,-3,99 27,-3,99;18,-3,111 18,-3,111;27,-3,99 
28,1,99;18,1,112 18,1,112;18,6,111 18,6,111;28,1,99 
27,6,99;28,1,99 28,1,99;18,6,111 18,6,111;27,6,99 
27,6,99;18,6,111 18,6,111;18,6,111 18,6,111;27,6,99 
27,6,99;27,6,99 27,6,99;18,6,111 18,6,111;27,6,99 
27,6,66;31,6,80 31,6,80;31,6,80 31,6,80;27,6,66 
27,6,66;27,6,66 27,6,66;31,6,80 31,6,80;27,6,66 
28,1,66;32,2,80 32,2,80;31,-3,80 31,-3,80;28,1,66 
27,-3,66;28,1,66 28,1,66;31,-3,80 31,-3,80;27,-3,66 
27,-3,66;31,-3,80 31,-3,80;32,-3,80 32,-3,80;27,-3,66 
28,-3,66;27,-3,66 27,-3,66;32,-3,80 32,-3,80;28,-3,66 
28,-3,66;32,-3,80 32,-3,80;32,2,80 32,2,80;28,-3,66 
28,1,66;28,-3,66 28,-3,66;32,2,80 32,2,80;28,1,66 
28,1,66;32,2,80 32,2,80;31,6,80 31,6,80;28,1,66 
27,6,66;28,1,66 28,1,66;31,6,80 31,6,80;27,6,66 
-1,1,116;-20,0,114 -20,0,114;-20,5,114 -20,5,114;-1,1,116 
-2,5,115;-1,1,116 -1,1,116;-20,5,114 -20,5,114;-2,5,115 
-1,-4,115;-20,-4,114 -20,-4,114;-20,0,114 -20,0,114;-1,-4,115 
-1,1,116;-1,-4,115 -1,-4,115;-20,0,114 -20,0,114;-1,1,116 
18,-3,114;-1,-4,115 -1,-4,115;-1,1,116 -1,1,116;18,-3,114 
18,1,114;18,-3,114 18,-3,114;-1,1,116 -1,1,116;18,1,114 
18,1,114;-1,1,116 -1,1,116;-2,5,115 -2,5,115;18,1,114 
18,6,114;18,1,114 18,1,114;-2,5,115 -2,5,115;18,6,114 
-1,-4,115;-2,-4,112 -2,-4,112;-20,-4,111 -20,-4,111;-1,-4,115 
-20,-4,114;-1,-4,115 -1,-4,115;-20,-4,111 -20,-4,111;-20,-4,114 
18,6,114;18,6,111 18,6,111;18,1,112 18,1,112;18,6,114 
18,1,114;18,6,114 18,6,114;18,1,112 18,1,112;18,1,114 
-20,0,114;-21,0,112 -21,0,112;-21,5,111 -21,5,111;-20,0,114 
-20,5,114;-20,0,114 -20,0,114;-21,5,111 -21,5,111;-20,5,114 
-20,5,114;-21,5,111 -21,5,111;-2,5,112 -2,5,112;-20,5,114 
-2,5,115;-20,5,114 -20,5,114;-2,5,112 -2,5,112;-2,5,115 
-2,5,112;-21,5,110 -21,5,110;-21,0,111 -21,0,111;-2,5,112 
-2,1,112;-2,5,112 -2,5,112;-21,0,111 -21,0,111;-2,1,112 
-2,1,112;-21,0,111 -21,0,111;-20,-4,110 -20,-4,110;-2,1,112 
-2,-4,112;-2,1,112 -2,1,112;-20,-4,110 -20,-4,110;-2,-4,112 
18,1,111;-2,1,112 -2,1,112;-2,-4,112 -2,-4,112;18,1,111 
18,-3,110;18,1,111 18,1,111;-2,-4,112 -2,-4,112;18,-3,110 
18,6,110;-2,5,112 -2,5,112;-2,1,112 -2,1,112;18,6,110 
18,1,111;18,6,110 18,6,110;-2,1,112 -2,1,112;18,1,111 
-2,5,112;-2,5,112 -2,5,112;-21,5,111 -21,5,111;-2,5,112 
-21,5,110;-2,5,112 -2,5,112;-21,5,111 -21,5,111;-21,5,110 
18,-3,110;18,-3,111 18,-3,111;18,1,111 18,1,111;18,-3,110 
18,1,111;18,-3,110 18,-3,110;18,1,111 18,1,111;18,1,111 
-21,5,110;-21,5,111 -21,5,111;-21,0,112 -21,0,112;-21,5,110 
-21,0,111;-21,5,110 -21,5,110;-21,0,112 -21,0,112;-21,0,111 
18,1,111;18,1,111 18,1,111;18,6,111 18,6,111;18,1,111 
18,6,110;18,1,111 18,1,111;18,6,111 18,6,111;18,6,110 
31,1,93;32,2,90 32,2,90;31,6,90 31,6,90;31,1,93 
30,6,93;31,1,93 31,1,93;31,6,90 31,6,90;30,6,93 
29,1,96;31,1,93 31,1,93;30,6,93 30,6,93;29,1,96 
29,6,96;29,1,96 29,1,96;30,6,93 30,6,93;29,6,96 
28,1,99;29,1,96 29,1,96;29,6,96 29,6,96;28,1,99 
27,6,99;28,1,99 28,1,99;29,6,96 29,6,96;27,6,99 
30,6,93;31,6,90 31,6,90;32,6,90 32,6,90;30,6,93 
30,6,93;30,6,93 30,6,93;32,6,90 32,6,90;30,6,93 
29,6,96;30,6,93 30,6,93;30,6,93 30,6,93;29,6,96 
29,6,96;29,6,96 29,6,96;30,6,93 30,6,93;29,6,96 
27,6,99;29,6,96 29,6,96;29,6,96 29,6,96;27,6,99 
27,6,99;27,6,99 27,6,99;29,6,96 29,6,96;27,6,99 
31,-3,93;32,-3,90 32,-3,90;32,2,90 32,2,90;31,-3,93 
31,1,93;31,-3,93 31,-3,93;32,2,90 32,2,90;31,1,93 
29,-3,96;31,-3,93 31,-3,93;31,1,93 31,1,93;29,-3,96 
29,1,96;29,-3,96 29,-3,96;31,1,93 31,1,93;29,1,96 
27,-3,99;29,-3,96 29,-3,96;29,1,96 29,1,96;27,-3,99 
28,1,99;27,-3,99 27,-3,99;29,1,96 29,1,96;28,1,99 
30,6,93;32,6,90 32,6,90;32,2,90 32,2,90;30,6,93 
31,1,93;30,6,93 30,6,93;32,2,90 32,2,90;31,1,93 
29,6,96;30,6,93 30,6,93;31,1,93 31,1,93;29,6,96 
30,1,96;29,6,96 29,6,96;31,1,93 31,1,93;30,1,96 
27,6,99;29,6,96 29,6,96;30,1,96 30,1,96;27,6,99 
28,1,99;27,6,99 27,6,99;30,1,96 30,1,96;28,1,99 
31,1,93;32,2,90 32,2,90;32,-3,90 32,-3,90;31,1,93 
31,-3,93;31,1,93 31,1,93;32,-3,90 32,-3,90;31,-3,93 
30,1,96;31,1,93 31,1,93;31,-3,93 31,-3,93;30,1,96 
29,-3,96;30,1,96 30,1,96;31,-3,93 31,-3,93;29,-3,96 
28,1,99;30,1,96 30,1,96;29,-3,96 29,-3,96;28,1,99 
27,-3,99;28,1,99 28,1,99;29,-3,96 29,-3,96;27,-3,99 
31,-3,93;32,-3,90 32,-3,90;32,-3,90 32,-3,90;31,-3,93 
31,-3,93;31,-3,93 31,-3,93;32,-3,90 32,-3,90;31,-3,93 
29,-3,96;31,-3,93 31,-3,93;31,-3,93 31,-3,93;29,-3,96 
29,-3,96;29,-3,96 29,-3,96;31,-3,93 31,-3,93;29,-3,96 
27,-3,99;29,-3,96 29,-3,96;29,-3,96 29,-3,96;27,-3,99 
27,-3,99;27,-3,99 27,-3,99;29,-3,96 29,-3,96;27,-3,99 
32,2,83;32,2,80 32,2,80;31,6,80 31,6,80;32,2,83 
32,6,83;32,2,83 32,2,83;31,6,80 31,6,80;32,6,83 
33,2,86;32,2,83 32,2,83;32,6,83 32,6,83;33,2,86 
32,6,86;33,2,86 33,2,86;32,6,83 32,6,83;32,6,86 
32,2,90;33,2,86 33,2,86;32,6,86 32,6,86;32,2,90 
31,6,89;32,2,90 32,2,90;32,6,86 32,6,86;31,6,89 
32,6,83;31,6,80 31,6,80;31,6,80 31,6,80;32,6,83 
32,6,83;32,6,83 32,6,83;31,6,80 31,6,80;32,6,83 
32,6,86;32,6,83 32,6,83;32,6,83 32,6,83;32,6,86 
32,6,86;32,6,86 32,6,86;32,6,83 32,6,83;32,6,86 
31,6,89;32,6,86 32,6,86;32,6,86 32,6,86;31,6,89 
32,6,89;31,6,89 31,6,89;32,6,86 32,6,86;32,6,89 
32,-3,83;31,-3,80 31,-3,80;32,2,80 32,2,80;32,-3,83 
32,2,83;32,-3,83 32,-3,83;32,2,80 32,2,80;32,2,83 
32,-3,86;32,-3,83 32,-3,83;32,2,83 32,2,83;32,-3,86 
33,2,86;32,-3,86 32,-3,86;32,2,83 32,2,83;33,2,86 
32,-3,89;32,-3,86 32,-3,86;33,2,86 33,2,86;32,-3,89 
32,2,90;32,-3,89 32,-3,89;33,2,86 33,2,86;32,2,90 
32,6,83;31,6,80 31,6,80;32,2,80 32,2,80;32,6,83 
33,2,83;32,6,83 32,6,83;32,2,80 32,2,80;33,2,83 
32,6,86;32,6,83 32,6,83;33,2,83 33,2,83;32,6,86 
33,2,86;32,6,86 32,6,86;33,2,83 33,2,83;33,2,86 
32,6,89;32,6,86 32,6,86;33,2,86 33,2,86;32,6,89 
32,2,90;32,6,89 32,6,89;33,2,86 33,2,86;32,2,90 
33,2,83;32,2,80 32,2,80;32,-3,80 32,-3,80;33,2,83 
32,-3,83;33,2,83 33,2,83;32,-3,80 32,-3,80;32,-3,83 
33,2,86;33,2,83 33,2,83;32,-3,83 32,-3,83;33,2,86 
32,-3,86;33,2,86 33,2,86;32,-3,83 32,-3,83;32,-3,86 
32,2,90;33,2,86 33,2,86;32,-3,86 32,-3,86;32,2,90 
32,-3,89;32,2,90 32,2,90;32,-3,86 32,-3,86;32,-3,89 
32,-3,83;32,-3,80 32,-3,80;31,-3,80 31,-3,80;32,-3,83 
32,-3,83;32,-3,83 32,-3,83;31,-3,80 31,-3,80;32,-3,83 
32,-3,86;32,-3,83 32,-3,83;32,-3,83 32,-3,83;32,-3,86 
32,-3,86;32,-3,86 32,-3,86;32,-3,83 32,-3,83;32,-3,86 
32,-3,89;32,-3,86 32,-3,86;32,-3,86 32,-3,86;32,-3,89 
32,-3,89;32,-3,89 32,-3,89;32,-3,86 32,-3,86;32,-3,89 
31,6,89;31,6,90 31,6,90;32,2,90 32,2,90;31,6,89 
32,2,90;31,6,89 31,6,89;32,2,90 32,2,90;32,2,90 
-35,4,84;-34,4,81 -34,4,81;-34,0,81 -34,0,81;-35,4,84 
-35,0,84;-35,4,84 -35,4,84;-34,0,81 -34,0,81;-35,0,84 
-35,4,87;-35,4,84 -35,4,84;-35,0,84 -35,0,84;-35,4,87 
-35,0,87;-35,4,87 -35,4,87;-35,0,84 -35,0,84;-35,0,87 
-34,4,90;-35,4,87 -35,4,87;-35,0,87 -35,0,87;-34,4,90 
-35,0,90;-34,4,90 -34,4,90;-35,0,87 -35,0,87;-35,0,90 
-35,4,87;-34,4,90 -34,4,90;-35,0,90 -35,0,90;-35,4,87 
-35,0,87;-35,4,87 -35,4,87;-35,0,90 -35,0,90;-35,0,87 
-35,4,84;-35,4,87 -35,4,87;-35,0,87 -35,0,87;-35,4,84 
-35,0,84;-35,4,84 -35,4,84;-35,0,87 -35,0,87;-35,0,84 
-34,4,81;-35,4,84 -35,4,84;-35,0,84 -35,0,84;-34,4,81 
-35,0,81;-34,4,81 -34,4,81;-35,0,84 -35,0,84;-35,0,81 
-35,4,84;-34,4,81 -34,4,81;-34,4,81 -34,4,81;-35,4,84 
-35,4,84;-35,4,84 -35,4,84;-34,4,81 -34,4,81;-35,4,84 
-35,4,87;-35,4,84 -35,4,84;-35,4,84 -35,4,84;-35,4,87 
-35,4,87;-35,4,87 -35,4,87;-35,4,84 -35,4,84;-35,4,87 
-34,4,90;-35,4,87 -35,4,87;-35,4,87 -35,4,87;-34,4,90 
-34,4,90;-34,4,90 -34,4,90;-35,4,87 -35,4,87;-34,4,90 
-34,-4,84;-34,-4,81 -34,-4,81;-34,-4,81 -34,-4,81;-34,-4,84 
-35,-4,84;-34,-4,84 -34,-4,84;-34,-4,81 -34,-4,81;-35,-4,84 
-34,-4,87;-34,-4,84 -34,-4,84;-35,-4,84 -35,-4,84;-34,-4,87 
-35,-4,87;-34,-4,87 -34,-4,87;-35,-4,84 -35,-4,84;-35,-4,87 
-34,-4,90;-34,-4,87 -34,-4,87;-35,-4,87 -35,-4,87;-34,-4,90 
-34,-4,90;-34,-4,90 -34,-4,90;-35,-4,87 -35,-4,87;-34,-4,90 
-35,0,84;-34,0,81 -34,0,81;-34,-4,81 -34,-4,81;-35,0,84 
-34,-4,84;-35,0,84 -35,0,84;-34,-4,81 -34,-4,81;-34,-4,84 
-35,0,87;-35,0,84 -35,0,84;-34,-4,84 -34,-4,84;-35,0,87 
-34,-4,87;-35,0,87 -35,0,87;-34,-4,84 -34,-4,84;-34,-4,87 
-35,0,90;-35,0,87 -35,0,87;-34,-4,87 -34,-4,87;-35,0,90 
-34,-4,90;-35,0,90 -35,0,90;-34,-4,87 -34,-4,87;-34,-4,90 
-35,0,87;-35,0,90 -35,0,90;-34,-4,90 -34,-4,90;-35,0,87 
-35,-4,87;-35,0,87 -35,0,87;-34,-4,90 -34,-4,90;-35,-4,87 
-35,0,84;-35,0,87 -35,0,87;-35,-4,87 -35,-4,87;-35,0,84 
-35,-4,84;-35,0,84 -35,0,84;-35,-4,87 -35,-4,87;-35,-4,84 
-35,0,81;-35,0,84 -35,0,84;-35,-4,84 -35,-4,84;-35,0,81 
-34,-4,81;-35,0,81 -35,0,81;-35,-4,84 -35,-4,84;-34,-4,81 
-33,4,93;-34,4,90 -34,4,90;-35,0,91 -35,0,91;-33,4,93 
-34,0,93;-33,4,93 -33,4,93;-35,0,91 -35,0,91;-34,0,93 
-32,4,96;-33,4,93 -33,4,93;-34,0,93 -34,0,93;-32,4,96 
-32,0,96;-32,4,96 -32,4,96;-34,0,93 -34,0,93;-32,0,96 
-30,4,98;-32,4,96 -32,4,96;-32,0,96 -32,0,96;-30,4,98 
-31,0,99;-30,4,98 -30,4,98;-32,0,96 -32,0,96;-31,0,99 
-32,4,96;-30,4,98 -30,4,98;-31,0,99 -31,0,99;-32,4,96 
-32,0,96;-32,4,96 -32,4,96;-31,0,99 -31,0,99;-32,0,96 
-33,4,93;-32,4,96 -32,4,96;-32,0,96 -32,0,96;-33,4,93 
-34,0,93;-33,4,93 -33,4,93;-32,0,96 -32,0,96;-34,0,93 
-34,4,91;-33,4,93 -33,4,93;-34,0,93 -34,0,93;-34,4,91 
-35,0,91;-34,4,91 -34,4,91;-34,0,93 -34,0,93;-35,0,91 
-33,4,93;-34,4,91 -34,4,91;-34,4,90 -34,4,90;-33,4,93 
-33,4,93;-33,4,93 -33,4,93;-34,4,90 -34,4,90;-33,4,93 
-32,4,96;-33,4,93 -33,4,93;-33,4,93 -33,4,93;-32,4,96 
-32,4,96;-32,4,96 -32,4,96;-33,4,93 -33,4,93;-32,4,96 
-30,4,98;-32,4,96 -32,4,96;-32,4,96 -32,4,96;-30,4,98 
-30,4,98;-30,4,98 -30,4,98;-32,4,96 -32,4,96;-30,4,98 
-33,-4,93;-34,-4,90 -34,-4,90;-34,-4,91 -34,-4,91;-33,-4,93 
-33,-4,93;-33,-4,93 -33,-4,93;-34,-4,91 -34,-4,91;-33,-4,93 
-32,-4,96;-33,-4,93 -33,-4,93;-33,-4,93 -33,-4,93;-32,-4,96 
-32,-4,96;-32,-4,96 -32,-4,96;-33,-4,93 -33,-4,93;-32,-4,96 
-30,-4,98;-32,-4,96 -32,-4,96;-32,-4,96 -32,-4,96;-30,-4,98 
-30,-4,98;-30,-4,98 -30,-4,98;-32,-4,96 -32,-4,96;-30,-4,98 
-34,0,93;-35,0,91 -35,0,91;-34,-4,90 -34,-4,90;-34,0,93 
-33,-4,93;-34,0,93 -34,0,93;-34,-4,90 -34,-4,90;-33,-4,93 
-32,0,96;-34,0,93 -34,0,93;-33,-4,93 -33,-4,93;-32,0,96 
-32,-4,96;-32,0,96 -32,0,96;-33,-4,93 -33,-4,93;-32,-4,96 
-31,0,99;-32,0,96 -32,0,96;-32,-4,96 -32,-4,96;-31,0,99 
-30,-4,98;-31,0,99 -31,0,99;-32,-4,96 -32,-4,96;-30,-4,98 
-32,0,96;-31,0,99 -31,0,99;-30,-4,98 -30,-4,98;-32,0,96 
-32,-4,96;-32,0,96 -32,0,96;-30,-4,98 -30,-4,98;-32,-4,96 
-34,0,93;-32,0,96 -32,0,96;-32,-4,96 -32,-4,96;-34,0,93 
-33,-4,93;-34,0,93 -34,0,93;-32,-4,96 -32,-4,96;-33,-4,93 
-35,0,91;-34,0,93 -34,0,93;-33,-4,93 -33,-4,93;-35,0,91 
-34,-4,91;-35,0,91 -35,0,91;-33,-4,93 -33,-4,93;-34,-4,91 
-34,4,90;-34,4,90 -34,4,90;-35,0,90 -35,0,90;-34,4,90 
-35,0,91;-34,4,90 -34,4,90;-35,0,90 -35,0,90;-35,0,91 
29,3,64;29,3,64 29,3,64;29,3,64 29,3,64;29,3,64 
29,3,64;29,3,64 29,3,64;29,3,64 29,3,64;29,3,64 
27,6,66;29,4,64 29,4,64;29,4,64 29,4,64;27,6,66 
29,3,65;29,3,64 29,3,64;28,1,66 28,1,66;29,3,65 
27,6,66;29,4,64 29,4,64;29,3,65 29,3,65;27,6,66 
28,1,66;27,6,66 27,6,66;29,3,65 29,3,65;28,1,66 
29,0,64;29,0,64 29,0,64;29,-1,64 29,-1,64;29,0,64 
29,-1,64;29,0,64 29,0,64;29,-1,64 29,-1,64;29,-1,64 
28,1,66;29,0,64 29,0,64;29,0,64 29,0,64;28,1,66 
29,-1,64;29,-1,64 29,-1,64;28,-3,66 28,-3,66;29,-1,64 
28,1,66;29,0,64 29,0,64;29,-1,65 29,-1,65;28,1,66 
29,-1,65;29,-1,64 29,-1,64;28,-3,66 28,-3,66;29,-1,65 
28,-3,66;28,1,66 28,1,66;29,-1,65 29,-1,65;28,-3,66 
29,3,64;29,3,64 29,3,64;29,3,65 29,3,65;29,3,64 
29,4,64;29,3,64 29,3,64;29,3,64 29,3,64;29,4,64 
29,4,65;29,4,64 29,4,64;29,4,64 29,4,64;29,4,65 
29,3,64;29,3,65 29,3,65;29,4,65 29,4,65;29,3,64 
29,4,65;29,4,64 29,4,64;29,3,64 29,3,64;29,4,65 
29,-1,64;29,-1,64 29,-1,64;29,-1,64 29,-1,64;29,-1,64 
29,0,64;29,0,64 29,0,64;29,-1,64 29,-1,64;29,0,64 
29,-1,65;29,0,65 29,0,65;29,0,64 29,0,64;29,-1,65 
29,-1,64;29,-1,64 29,-1,64;29,-1,65 29,-1,65;29,-1,64 
29,-1,65;29,0,64 29,0,64;29,-1,64 29,-1,64;29,-1,65 
29,-1,64;29,-1,64 29,-1,64;29,-1,64 29,-1,64;29,-1,64 
29,-1,64;29,-1,64 29,-1,64;29,-1,64 29,-1,64;29,-1,64 
29,3,64;29,3,64 29,3,64;29,3,65 29,3,65;29,3,64 
29,3,65;29,3,64 29,3,64;29,3,65 29,3,65;29,3,65 
29,-1,64;29,-1,64 29,-1,64;29,-1,64 29,-1,64;29,-1,64 
29,-1,64;29,-1,64 29,-1,64;29,-1,64 29,-1,64;29,-1,64 
29,3,65;29,3,65 29,3,65;29,4,64 29,4,64;29,3,65 
29,4,65;29,3,65 29,3,65;29,4,64 29,4,64;29,4,65 
29,-1,64;29,-1,64 29,-1,64;29,-1,65 29,-1,65;29,-1,64 
29,-1,65;29,-1,64 29,-1,64;29,-1,65 29,-1,65;29,-1,65 
29,4,65;29,4,64 29,4,64;29,4,64 29,4,64;29,4,65 
29,4,64;29,4,65 29,4,65;29,4,64 29,4,64;29,4,64 
29,-1,65;29,-1,65 29,-1,65;29,0,64 29,0,64;29,-1,65 
29,0,65;29,-1,65 29,-1,65;29,0,64 29,0,64;29,0,65 
29,4,64;29,4,64 29,4,64;29,4,64 29,4,64;29,4,64 
29,4,64;29,4,64 29,4,64;29,4,64 29,4,64;29,4,64 
29,0,65;29,0,64 29,0,64;29,0,64 29,0,64;29,0,65 
29,0,64;29,0,65 29,0,65;29,0,64 29,0,64;29,0,64 
29,4,64;29,4,64 29,4,64;29,3,64 29,3,64;29,4,64 
29,3,64;29,4,64 29,4,64;29,3,64 29,3,64;29,3,64 
29,0,64;29,0,64 29,0,64;29,0,64 29,0,64;29,0,64 
29,0,64;29,0,64 29,0,64;29,0,64 29,0,64;29,0,64 
29,3,64;29,3,64 29,3,64;29,3,64 29,3,64;29,3,64 
29,3,64;29,3,64 29,3,64;29,3,64 29,3,64;29,3,64 
-31,2,64;-31,2,64 -31,2,64;-30,2,64 -30,2,64;-31,2,64 
-31,2,64;-31,2,64 -31,2,64;-31,2,64 -31,2,64;-31,2,64 
-31,2,64;-31,2,64 -31,2,64;-31,2,64 -31,2,64;-31,2,64 
-31,2,64;-30,2,64 -30,2,64;-31,2,64 -31,2,64;-31,2,64 
-31,2,64;-31,2,64 -31,2,64;-31,2,64 -31,2,64;-31,2,64 
-30,-2,64;-30,-2,64 -30,-2,64;-30,-2,64 -30,-2,64;-30,-2,64 
-30,-2,64;-30,-2,64 -30,-2,64;-30,-2,64 -30,-2,64;-30,-2,64 
-29,0,66;-31,2,64 -31,2,64;-30,2,64 -30,2,64;-29,0,66 
-30,2,64;-31,2,64 -31,2,64;-29,4,66 -29,4,66;-30,2,64 
-29,0,66;-30,2,64 -30,2,64;-30,2,64 -30,2,64;-29,0,66 
-29,4,66;-29,0,66 -29,0,66;-30,2,64 -30,2,64;-29,4,66 
-30,-2,64;-29,-4,66 -29,-4,66;-32,-4,62 -32,-4,62;-30,-2,64 
-31,-2,64;-30,-2,64 -30,-2,64;-32,-4,62 -32,-4,62;-31,-2,64 
-32,-4,62;-32,0,62 -32,0,62;-31,-2,64 -31,-2,64;-32,-4,62 
-31,-2,64;-31,-2,64 -31,-2,64;-32,-4,62 -32,-4,62;-31,-2,64 
-32,-4,62;-31,-2,64 -31,-2,64;-31,-2,64 -31,-2,64;-32,-4,62 
-31,2,64;-30,2,64 -30,2,64;-31,2,64 -31,2,64;-31,2,64 
-31,2,64;-31,2,64 -31,2,64;-31,2,64 -31,2,64;-31,2,64 
-31,-2,64;-31,-2,64 -31,-2,64;-31,-2,64 -31,-2,64;-31,-2,64 
-30,-2,64;-31,-2,64 -31,-2,64;-31,-2,64 -31,-2,64;-30,-2,64 
-31,-1,64;-30,-2,64 -30,-2,64;-30,-2,64 -30,-2,64;-31,-1,64 
-31,-2,64;-31,-2,64 -31,-2,64;-31,-1,64 -31,-1,64;-31,-2,64 
-31,-1,64;-30,-2,64 -30,-2,64;-31,-2,64 -31,-2,64;-31,-1,64 
-31,2,64;-31,2,64 -31,2,64;-31,2,64 -31,2,64;-31,2,64 
-31,2,64;-31,2,64 -31,2,64;-31,2,64 -31,2,64;-31,2,64 
-30,-2,64;-30,-2,64 -30,-2,64;-30,-2,64 -30,-2,64;-30,-2,64 
-31,-2,64;-30,-2,64 -30,-2,64;-30,-2,64 -30,-2,64;-31,-2,64 
-31,2,64;-31,2,64 -31,2,64;-31,2,64 -31,2,64;-31,2,64 
-31,2,64;-31,2,64 -31,2,64;-31,2,64 -31,2,64;-31,2,64 
-31,-2,64;-30,-2,64 -30,-2,64;-31,-2,64 -31,-2,64;-31,-2,64 
-31,-2,64;-31,-2,64 -31,-2,64;-31,-2,64 -31,-2,64;-31,-2,64 
-31,2,64;-31,2,64 -31,2,64;-31,2,64 -31,2,64;-31,2,64 
-31,2,64;-31,2,64 -31,2,64;-31,2,64 -31,2,64;-31,2,64 
-31,-2,64;-31,-2,64 -31,-2,64;-31,-2,64 -31,-2,64;-31,-2,64 
-31,-2,64;-31,-2,64 -31,-2,64;-31,-2,64 -31,-2,64;-31,-2,64 
-31,2,64;-31,2,64 -31,2,64;-31,2,64 -31,2,64;-31,2,64 
-31,2,64;-31,2,64 -31,2,64;-31,2,64 -31,2,64;-31,2,64 
-31,-2,64;-31,-2,64 -31,-2,64;-31,-2,64 -31,-2,64;-31,-2,64 
-31,-2,64;-31,-2,64 -31,-2,64;-31,-2,64 -31,-2,64;-31,-2,64 
-31,2,64;-31,2,64 -31,2,64;-30,2,64 -30,2,64;-31,2,64 
-30,2,64;-31,2,64 -31,2,64;-30,2,64 -30,2,64;-30,2,64 
-31,-2,64;-31,-2,64 -31,-2,64;-30,-1,64 -30,-1,64;-31,-2,64 
-31,-1,64;-31,-2,64 -31,-2,64;-30,-1,64 -30,-1,64;-31,-1,64 
-30,2,64;-30,2,64 -30,2,64;-30,2,64 -30,2,64;-30,2,64 
-31,2,64;-30,2,64 -30,2,64;-30,2,64 -30,2,64;-31,2,64 
-31,-1,64;-30,-1,64 -30,-1,64;-30,-2,64 -30,-2,64;-31,-1,64 
-30,-2,64;-31,-1,64 -31,-1,64;-30,-2,64 -30,-2,64;-30,-2,64 
-7,5,75;-7,4,74 -7,4,74;-6,6,74 -6,6,74;-7,5,75 
-6,6,75;-7,5,75 -7,5,75;-6,6,74 -6,6,74;-6,6,75 
20,10,69;14,8,72 14,8,72;11,13,72 11,13,72;20,10,69 
15,17,69;20,10,69 20,10,69;11,13,72 11,13,72;15,17,69 
-10,21,69;-8,16,72 -8,16,72;-13,13,72 -13,13,72;-10,21,69 
-17,17,69;-10,21,69 -10,21,69;-13,13,72 -13,13,72;-17,17,69 
-21,-9,69;-16,-7,72 -16,-7,72;-13,-12,72 -13,-12,72;-21,-9,69 
-17,-16,69;-21,-9,69 -21,-9,69;-13,-12,72 -13,-12,72;-17,-16,69 
9,-20,69;7,-14,72 7,-14,72;12,-11,72 12,-11,72;9,-20,69 
16,-15,69;9,-20,69 9,-20,69;12,-11,72 12,-11,72;16,-15,69 
8,22,69;6,16,72 6,16,72;-1,17,72 -1,17,72;8,22,69 
-1,23,69;8,22,69 8,22,69;-1,17,72 -1,17,72;-1,23,69 
-9,-20,69;-7,-15,72 -7,-15,72;0,-15,72 0,-15,72;-9,-20,69 
0,-21,69;-9,-20,69 -9,-20,69;0,-15,72 0,-15,72;0,-21,69 
20,-8,69;15,-6,72 15,-6,72;15,1,72 15,1,72;20,-8,69 
21,1,69;20,-8,69 20,-8,69;15,1,72 15,1,72;21,1,69 
-22,9,69;-16,7,72 -16,7,72;-17,0,72 -17,0,72;-22,9,69 
-23,0,69;-22,9,69 -22,9,69;-17,0,72 -17,0,72;-23,0,69 
21,1,69;15,1,72 15,1,72;14,8,72 14,8,72;21,1,69 
20,10,69;21,1,69 21,1,69;14,8,72 14,8,72;20,10,69 
15,17,69;11,13,72 11,13,72;6,16,72 6,16,72;15,17,69 
8,22,69;15,17,69 15,17,69;6,16,72 6,16,72;8,22,69 
-1,23,69;-1,17,72 -1,17,72;-8,16,72 -8,16,72;-1,23,69 
-10,21,69;-1,23,69 -1,23,69;-8,16,72 -8,16,72;-10,21,69 
-17,17,69;-13,13,72 -13,13,72;-16,7,72 -16,7,72;-17,17,69 
-22,9,69;-17,17,69 -17,17,69;-16,7,72 -16,7,72;-22,9,69 
-23,0,69;-17,0,72 -17,0,72;-16,-7,72 -16,-7,72;-23,0,69 
-21,-9,69;-23,0,69 -23,0,69;-16,-7,72 -16,-7,72;-21,-9,69 
-17,-16,69;-13,-12,72 -13,-12,72;-7,-15,72 -7,-15,72;-17,-16,69 
-9,-20,69;-17,-16,69 -17,-16,69;-7,-15,72 -7,-15,72;-9,-20,69 
0,-21,69;0,-15,72 0,-15,72;7,-14,72 7,-14,72;0,-21,69 
9,-20,69;0,-21,69 0,-21,69;7,-14,72 7,-14,72;9,-20,69 
16,-15,69;12,-11,72 12,-11,72;15,-6,72 15,-6,72;16,-15,69 
20,-8,69;16,-15,69 16,-15,69;15,-6,72 15,-6,72;20,-8,69 
12,-11,72;5,-5,74 5,-5,74;6,-3,74 6,-3,74;12,-11,72 
15,-6,72;12,-11,72 12,-11,72;6,-3,74 6,-3,74;15,-6,72 
0,-15,72;-1,-6,74 -1,-6,74;3,-5,74 3,-5,74;0,-15,72 
7,-14,72;0,-15,72 0,-15,72;3,-5,74 3,-5,74;7,-14,72 
-13,-12,72;-6,-5,74 -6,-5,74;-4,-6,74 -4,-6,74;-13,-12,72 
-7,-15,72;-13,-12,72 -13,-12,72;-4,-6,74 -4,-6,74;-7,-15,72 
-17,0,72;-7,1,74 -7,1,74;-7,-3,74 -7,-3,74;-17,0,72 
-16,-7,72;-17,0,72 -17,0,72;-7,-3,74 -7,-3,74;-16,-7,72 
-13,13,72;-6,6,74 -6,6,74;-7,4,74 -7,4,74;-13,13,72 
-16,7,72;-13,13,72 -13,13,72;-7,4,74 -7,4,74;-16,7,72 
-1,17,72;-1,7,74 -1,7,74;-5,7,74 -5,7,74;-1,17,72 
-8,16,72;-1,17,72 -1,17,72;-5,7,74 -5,7,74;-8,16,72 
11,13,72;5,6,74 5,6,74;3,7,74 3,7,74;11,13,72 
6,16,72;11,13,72 11,13,72;3,7,74 3,7,74;6,16,72 
15,1,72;6,1,74 6,1,74;5,5,74 5,5,74;15,1,72 
14,8,72;15,1,72 15,1,72;5,5,74 5,5,74;14,8,72 
-16,7,72;-7,4,74 -7,4,74;-7,1,74 -7,1,74;-16,7,72 
-17,0,72;-16,7,72 -16,7,72;-7,1,74 -7,1,74;-17,0,72 
15,-6,72;6,-3,74 6,-3,74;6,1,74 6,1,74;15,-6,72 
15,1,72;15,-6,72 15,-6,72;6,1,74 6,1,74;15,1,72 
-7,-15,72;-4,-6,74 -4,-6,74;-1,-6,74 -1,-6,74;-7,-15,72 
0,-15,72;-7,-15,72 -7,-15,72;-1,-6,74 -1,-6,74;0,-15,72 
6,16,72;3,7,74 3,7,74;-1,7,74 -1,7,74;6,16,72 
-1,17,72;6,16,72 6,16,72;-1,7,74 -1,7,74;-1,17,72 
7,-14,72;3,-5,74 3,-5,74;5,-5,74 5,-5,74;7,-14,72 
12,-11,72;7,-14,72 7,-14,72;5,-5,74 5,-5,74;12,-11,72 
-16,-7,72;-7,-3,74 -7,-3,74;-6,-5,74 -6,-5,74;-16,-7,72 
-13,-12,72;-16,-7,72 -16,-7,72;-6,-5,74 -6,-5,74;-13,-12,72 
-8,16,72;-5,7,74 -5,7,74;-6,6,74 -6,6,74;-8,16,72 
-13,13,72;-8,16,72 -8,16,72;-6,6,74 -6,6,74;-13,13,72 
14,8,72;5,5,74 5,5,74;5,6,74 5,6,74;14,8,72 
11,13,72;14,8,72 14,8,72;5,6,74 5,6,74;11,13,72 
-7,-3,79;-7,-3,75 -7,-3,75;-8,1,75 -8,1,75;-7,-3,79 
-8,1,79;-7,-3,79 -7,-3,79;-8,1,75 -8,1,75;-8,1,79 
-1,8,75;-1,7,74 -1,7,74;3,7,74 3,7,74;-1,8,75 
3,7,75;-1,8,75 -1,8,75;3,7,74 3,7,74;3,7,75 
-7,-3,75;-7,-3,74 -7,-3,74;-7,1,74 -7,1,74;-7,-3,75 
-8,1,75;-7,-3,75 -7,-3,75;-7,1,74 -7,1,74;-8,1,75 
-1,-6,75;-1,-6,74 -1,-6,74;-4,-6,74 -4,-6,74;-1,-6,75 
-5,-6,75;-1,-6,75 -1,-6,75;-4,-6,74 -4,-6,74;-5,-6,75 
-5,-6,75;-4,-6,74 -4,-6,74;-6,-5,74 -6,-5,74;-5,-6,75 
-6,-5,75;-5,-6,75 -5,-6,75;-6,-5,74 -6,-5,74;-6,-5,75 
6,1,75;6,1,74 6,1,74;6,-3,74 6,-3,74;6,1,75 
6,-3,75;6,1,75 6,1,75;6,-3,74 6,-3,74;6,-3,75 
3,-6,75;3,-5,74 3,-5,74;-1,-6,74 -1,-6,74;3,-6,75 
-1,-6,75;3,-6,75 3,-6,75;-1,-6,74 -1,-6,74;-1,-6,75 
-8,1,75;-7,1,74 -7,1,74;-7,4,74 -7,4,74;-8,1,75 
-7,5,75;-8,1,75 -8,1,75;-7,4,74 -7,4,74;-7,5,75 
5,6,75;5,6,74 5,6,74;5,5,74 5,5,74;5,6,75 
6,5,75;5,6,75 5,6,75;5,5,74 5,5,74;6,5,75 
6,-3,75;6,-3,74 6,-3,74;5,-5,74 5,-5,74;6,-3,75 
5,-5,75;6,-3,75 6,-3,75;5,-5,74 5,-5,74;5,-5,75 
6,5,75;5,5,74 5,5,74;6,1,74 6,1,74;6,5,75 
6,1,75;6,5,75 6,5,75;6,1,74 6,1,74;6,1,75 
-6,6,75;-6,6,74 -6,6,74;-5,7,74 -5,7,74;-6,6,75 
-5,7,75;-6,6,75 -6,6,75;-5,7,74 -5,7,74;-5,7,75 
3,7,75;3,7,74 3,7,74;5,6,74 5,6,74;3,7,75 
5,6,75;3,7,75 3,7,75;5,6,74 5,6,74;5,6,75 
-6,-5,75;-6,-5,74 -6,-5,74;-7,-3,74 -7,-3,74;-6,-5,75 
-7,-3,75;-6,-5,75 -6,-5,75;-7,-3,74 -7,-3,74;-7,-3,75 
-5,7,75;-5,7,74 -5,7,74;-1,7,74 -1,7,74;-5,7,75 
-1,8,75;-5,7,75 -5,7,75;-1,7,74 -1,7,74;-1,8,75 
5,-5,75;5,-5,74 5,-5,74;3,-5,74 3,-5,74;5,-5,75 
3,-6,75;5,-5,75 5,-5,75;3,-5,74 3,-5,74;3,-6,75 
-7,-3,79;-8,1,79 -8,1,79;-7,5,79 -7,5,79;-7,-3,79 
-5,-6,79;-6,-5,79 -6,-5,79;-7,-3,79 -7,-3,79;-5,-6,79 
3,-6,79;-1,-6,79 -1,-6,79;-5,-6,79 -5,-6,79;3,-6,79 
6,-3,79;5,-5,79 5,-5,79;3,-6,79 3,-6,79;6,-3,79 
6,5,79;6,1,79 6,1,79;6,-3,79 6,-3,79;6,5,79 
3,7,79;5,6,79 5,6,79;6,5,79 6,5,79;3,7,79 
-5,7,79;-1,8,79 -1,8,79;3,7,79 3,7,79;-5,7,79 
-7,5,79;-6,6,79 -6,6,79;-5,7,79 -5,7,79;-7,5,79 
-5,-6,79;-7,-3,79 -7,-3,79;-7,5,79 -7,5,79;-5,-6,79 
6,-3,79;3,-6,79 3,-6,79;-5,-6,79 -5,-6,79;6,-3,79 
3,7,79;6,5,79 6,5,79;6,-3,79 6,-3,79;3,7,79 
-7,5,79;-5,7,79 -5,7,79;3,7,79 3,7,79;-7,5,79 
6,-3,79;-5,-6,79 -5,-6,79;-7,5,79 -7,5,79;6,-3,79 
-7,5,79;3,7,79 3,7,79;6,-3,79 6,-3,79;-7,5,79 
-1,-6,79;-1,-6,75 -1,-6,75;-5,-6,75 -5,-6,75;-1,-6,79 
-5,-6,79;-1,-6,79 -1,-6,79;-5,-6,75 -5,-6,75;-5,-6,79 
-5,-6,79;-5,-6,75 -5,-6,75;-6,-5,75 -6,-5,75;-5,-6,79 
-6,-5,79;-5,-6,79 -5,-6,79;-6,-5,75 -6,-5,75;-6,-5,79 
6,1,79;6,1,75 6,1,75;6,-3,75 6,-3,75;6,1,79 
6,-3,79;6,1,79 6,1,79;6,-3,75 6,-3,75;6,-3,79 
3,-6,79;3,-6,75 3,-6,75;-1,-6,75 -1,-6,75;3,-6,79 
-1,-6,79;3,-6,79 3,-6,79;-1,-6,75 -1,-6,75;-1,-6,79 
-8,1,79;-8,1,75 -8,1,75;-7,5,75 -7,5,75;-8,1,79 
-7,5,79;-8,1,79 -8,1,79;-7,5,75 -7,5,75;-7,5,79 
5,6,79;5,6,75 5,6,75;6,5,75 6,5,75;5,6,79 
6,5,79;5,6,79 5,6,79;6,5,75 6,5,75;6,5,79 
6,-3,79;6,-3,75 6,-3,75;5,-5,75 5,-5,75;6,-3,79 
5,-5,79;6,-3,79 6,-3,79;5,-5,75 5,-5,75;5,-5,79 
6,5,79;6,5,75 6,5,75;6,1,75 6,1,75;6,5,79 
6,1,79;6,5,79 6,5,79;6,1,75 6,1,75;6,1,79 
-6,6,79;-6,6,75 -6,6,75;-5,7,75 -5,7,75;-6,6,79 
-5,7,79;-6,6,79 -6,6,79;-5,7,75 -5,7,75;-5,7,79 
3,7,79;3,7,75 3,7,75;5,6,75 5,6,75;3,7,79 
5,6,79;3,7,79 3,7,79;5,6,75 5,6,75;5,6,79 
-6,-5,79;-6,-5,75 -6,-5,75;-7,-3,75 -7,-3,75;-6,-5,79 
-7,-3,79;-6,-5,79 -6,-5,79;-7,-3,75 -7,-3,75;-7,-3,79 
-5,7,79;-5,7,75 -5,7,75;-1,8,75 -1,8,75;-5,7,79 
-1,8,79;-5,7,79 -5,7,79;-1,8,75 -1,8,75;-1,8,79 
5,-5,79;5,-5,75 5,-5,75;3,-6,75 3,-6,75;5,-5,79 
3,-6,79;5,-5,79 5,-5,79;3,-6,75 3,-6,75;3,-6,79 
-7,5,79;-7,5,75 -7,5,75;-6,6,75 -6,6,75;-7,5,79 
-6,6,79;-7,5,79 -7,5,79;-6,6,75 -6,6,75;-6,6,79 
-1,8,79;-1,8,75 -1,8,75;3,7,75 3,7,75;-1,8,79 
3,7,79;-1,8,79 -1,8,79;3,7,75 3,7,75;3,7,79 
123,19,4;123,19,1 123,19,1;127,15,1 127,15,1;123,19,4 
127,15,4;123,19,4 123,19,4;127,15,1 127,15,1;127,15,4 
104,18,4;104,18,1 104,18,1;110,21,1 110,21,1;104,18,4 
110,21,4;104,18,4 104,18,4;110,21,1 110,21,1;110,21,4 
121,17,11;121,17,7 121,17,7;125,13,7 125,13,7;121,17,11 
125,14,11;121,17,11 121,17,11;125,13,7 125,13,7;125,14,11 
127,15,4;127,15,1 127,15,1;130,10,1 130,10,1;127,15,4 
130,10,4;127,15,4 127,15,4;130,10,1 130,10,1;130,10,4 
128,-3,1;130,3,1 130,3,1;130,10,1 130,10,1;128,-3,1 
119,-10,1;124,-8,1 124,-8,1;128,-3,1 128,-3,1;119,-10,1 
106,-9,1;112,-11,1 112,-11,1;119,-10,1 119,-10,1;106,-9,1 
99,1,1;102,-5,1 102,-5,1;106,-9,1 106,-9,1;99,1,1 
100,13,1;99,7,1 99,7,1;99,1,1 99,1,1;100,13,1 
110,21,1;104,18,1 104,18,1;100,13,1 100,13,1;110,21,1 
123,19,1;116,21,1 116,21,1;110,21,1 110,21,1;123,19,1 
130,10,1;127,15,1 127,15,1;123,19,1 123,19,1;130,10,1 
119,-10,1;128,-3,1 128,-3,1;130,10,1 130,10,1;119,-10,1 
99,1,1;106,-9,1 106,-9,1;119,-10,1 119,-10,1;99,1,1 
110,21,1;100,13,1 100,13,1;99,1,1 99,1,1;110,21,1 
130,10,1;123,19,1 123,19,1;110,21,1 110,21,1;130,10,1 
99,1,1;119,-10,1 119,-10,1;130,10,1 130,10,1;99,1,1 
130,10,1;110,21,1 110,21,1;99,1,1 99,1,1;130,10,1 
110,21,4;110,21,1 110,21,1;116,21,1 116,21,1;110,21,4 
116,21,4;110,21,4 110,21,4;116,21,1 116,21,1;116,21,4 
112,-11,4;112,-11,1 112,-11,1;106,-9,1 106,-9,1;112,-11,4 
106,-9,4;112,-11,4 112,-11,4;106,-9,1 106,-9,1;106,-9,4 
100,13,4;100,13,1 100,13,1;104,18,1 104,18,1;100,13,4 
104,18,4;100,13,4 100,13,4;104,18,1 104,18,1;104,18,4 
99,1,4;99,1,1 99,1,1;99,7,1 99,7,1;99,1,4 
99,7,4;99,1,4 99,1,4;99,7,1 99,7,1;99,7,4 
116,21,4;116,21,1 116,21,1;123,19,1 123,19,1;116,21,4 
123,19,4;116,21,4 116,21,4;123,19,1 123,19,1;123,19,4 
106,-9,4;106,-9,1 106,-9,1;102,-5,1 102,-5,1;106,-9,4 
102,-5,4;106,-9,4 106,-9,4;102,-5,1 102,-5,1;102,-5,4 
119,-10,4;119,-10,1 119,-10,1;112,-11,1 112,-11,1;119,-10,4 
112,-11,4;119,-10,4 119,-10,4;112,-11,1 112,-11,1;112,-11,4 
99,7,4;99,7,1 99,7,1;100,13,1 100,13,1;99,7,4 
100,13,4;99,7,4 99,7,4;100,13,1 100,13,1;100,13,4 
102,-5,4;102,-5,1 102,-5,1;99,1,1 99,1,1;102,-5,4 
99,1,4;102,-5,4 102,-5,4;99,1,1 99,1,1;99,1,4 
128,-3,4;128,-3,1 128,-3,1;124,-8,1 124,-8,1;128,-3,4 
124,-8,4;128,-3,4 128,-3,4;124,-8,1 124,-8,1;124,-8,4 
130,3,4;130,3,1 130,3,1;128,-3,1 128,-3,1;130,3,4 
128,-3,4;130,3,4 130,3,4;128,-3,1 128,-3,1;128,-3,4 
124,-8,4;124,-8,1 124,-8,1;119,-10,1 119,-10,1;124,-8,4 
119,-10,4;124,-8,4 124,-8,4;119,-10,1 119,-10,1;119,-10,4 
130,10,4;130,10,1 130,10,1;130,3,1 130,3,1;130,10,4 
130,3,4;130,10,4 130,10,4;130,3,1 130,3,1;130,3,4 
110,21,4;110,19,5 110,19,5;106,16,5 106,16,5;110,21,4 
104,18,4;110,21,4 110,21,4;106,16,5 106,16,5;104,18,4 
104,18,4;106,16,5 106,16,5;102,12,5 102,12,5;104,18,4 
100,13,4;104,18,4 104,18,4;102,12,5 102,12,5;100,13,4 
100,13,4;102,12,5 102,12,5;101,7,5 101,7,5;100,13,4 
99,7,4;100,13,4 100,13,4;101,7,5 101,7,5;99,7,4 
99,7,4;101,7,5 101,7,5;101,1,5 101,1,5;99,7,4 
99,1,4;99,7,4 99,7,4;101,1,5 101,1,5;99,1,4 
99,1,4;101,1,5 101,1,5;103,-3,5 103,-3,5;99,1,4 
102,-5,4;99,1,4 99,1,4;103,-3,5 103,-3,5;102,-5,4 
102,-5,4;103,-3,5 103,-3,5;107,-7,5 107,-7,5;102,-5,4 
106,-9,4;102,-5,4 102,-5,4;107,-7,5 107,-7,5;106,-9,4 
106,-9,4;107,-7,5 107,-7,5;113,-9,5 113,-9,5;106,-9,4 
112,-11,4;106,-9,4 106,-9,4;113,-9,5 113,-9,5;112,-11,4 
112,-11,4;113,-9,5 113,-9,5;118,-8,5 118,-8,5;112,-11,4 
119,-10,4;112,-11,4 112,-11,4;118,-8,5 118,-8,5;119,-10,4 
119,-10,4;118,-8,5 118,-8,5;123,-6,5 123,-6,5;119,-10,4 
124,-8,4;119,-10,4 119,-10,4;123,-6,5 123,-6,5;124,-8,4 
124,-8,4;123,-6,5 123,-6,5;126,-2,5 126,-2,5;124,-8,4 
128,-3,4;124,-8,4 124,-8,4;126,-2,5 126,-2,5;128,-3,4 
128,-3,4;126,-2,5 126,-2,5;128,3,5 128,3,5;128,-3,4 
130,3,4;128,-3,4 128,-3,4;128,3,5 128,3,5;130,3,4 
130,3,4;128,3,5 128,3,5;128,9,5 128,9,5;130,3,4 
130,10,4;130,3,4 130,3,4;128,9,5 128,9,5;130,10,4 
130,10,4;128,9,5 128,9,5;125,14,5 125,14,5;130,10,4 
127,15,4;130,10,4 130,10,4;125,14,5 125,14,5;127,15,4 
127,15,4;125,14,5 125,14,5;122,17,5 122,17,5;127,15,4 
123,19,4;127,15,4 127,15,4;122,17,5 122,17,5;123,19,4 
123,19,4;122,17,5 122,17,5;116,19,5 116,19,5;123,19,4 
116,21,4;123,19,4 123,19,4;116,19,5 116,19,5;116,21,4 
116,21,4;116,19,5 116,19,5;110,19,5 110,19,5;116,21,4 
110,21,4;116,21,4 116,21,4;110,19,5 110,19,5;110,21,4 
101,7,11;101,7,7 101,7,7;103,12,7 103,12,7;101,7,11 
102,12,11;101,7,11 101,7,11;103,12,7 103,12,7;102,12,11 
110,19,11;111,18,7 111,18,7;116,18,7 116,18,7;110,19,11 
116,19,11;110,19,11 110,19,11;116,18,7 116,18,7;116,19,11 
128,3,11;127,3,7 127,3,7;126,-2,7 126,-2,7;128,3,11 
126,-2,11;128,3,11 128,3,11;126,-2,7 126,-2,7;126,-2,11 
106,16,11;106,16,7 106,16,7;111,18,7 111,18,7;106,16,11 
110,19,11;106,16,11 106,16,11;111,18,7 111,18,7;110,19,11 
102,12,11;103,12,7 103,12,7;106,16,7 106,16,7;102,12,11 
106,16,11;102,12,11 102,12,11;106,16,7 106,16,7;106,16,11 
101,1,11;101,1,7 101,1,7;101,7,7 101,7,7;101,1,11 
101,7,11;101,1,11 101,1,11;101,7,7 101,7,7;101,7,11 
125,14,11;125,13,7 125,13,7;127,9,7 127,9,7;125,14,11 
128,9,11;125,14,11 125,14,11;127,9,7 127,9,7;128,9,11 
107,-7,11;107,-6,7 107,-6,7;104,-3,7 104,-3,7;107,-7,11 
103,-3,11;107,-7,11 107,-7,11;104,-3,7 104,-3,7;103,-3,11 
123,-6,11;122,-5,7 122,-5,7;118,-8,7 118,-8,7;123,-6,11 
118,-8,11;123,-6,11 123,-6,11;118,-8,7 118,-8,7;118,-8,11 
118,-8,11;118,-8,7 118,-8,7;113,-8,7 113,-8,7;118,-8,11 
113,-8,11;118,-8,11 118,-8,11;113,-8,7 113,-8,7;113,-8,11 
103,-3,11;104,-3,7 104,-3,7;101,1,7 101,1,7;103,-3,11 
101,1,11;103,-3,11 103,-3,11;101,1,7 101,1,7;101,1,11 
126,-2,11;126,-2,7 126,-2,7;122,-5,7 122,-5,7;126,-2,11 
123,-6,11;126,-2,11 126,-2,11;122,-5,7 122,-5,7;123,-6,11 
113,-8,11;113,-8,7 113,-8,7;107,-6,7 107,-6,7;113,-8,11 
107,-7,11;113,-8,11 113,-8,11;107,-6,7 107,-6,7;107,-7,11 
128,9,11;127,9,7 127,9,7;127,3,7 127,3,7;128,9,11 
128,3,11;128,9,11 128,9,11;127,3,7 127,3,7;128,3,11 
116,19,11;116,18,7 116,18,7;121,17,7 121,17,7;116,19,11 
121,17,11;116,19,11 116,19,11;121,17,7 121,17,7;121,17,11 
110,19,45;111,18,45 111,18,45;106,16,45 106,16,45;110,19,45 
106,16,45;110,19,45 110,19,45;106,16,45 106,16,45;106,16,45 
128,9,45;127,9,45 127,9,45;125,13,45 125,13,45;128,9,45 
125,14,45;128,9,45 128,9,45;125,13,45 125,13,45;125,14,45 
118,-8,45;118,-8,45 118,-8,45;122,-5,45 122,-5,45;118,-8,45 
123,-6,45;118,-8,45 118,-8,45;122,-5,45 122,-5,45;123,-6,45 
101,1,45;102,1,45 102,1,45;104,-3,45 104,-3,45;101,1,45 
103,-3,45;101,1,45 101,1,45;104,-3,45 104,-3,45;103,-3,45 
107,-7,45;107,-6,45 107,-6,45;113,-8,45 113,-8,45;107,-7,45 
113,-9,45;107,-7,45 107,-7,45;113,-8,45 113,-8,45;113,-9,45 
122,17,45;121,17,45 121,17,45;116,18,45 116,18,45;122,17,45 
116,19,45;122,17,45 122,17,45;116,18,45 116,18,45;116,19,45 
102,12,45;103,12,45 103,12,45;101,7,45 101,7,45;102,12,45 
101,7,45;102,12,45 102,12,45;101,7,45 101,7,45;101,7,45 
126,-2,45;126,-2,45 126,-2,45;127,3,45 127,3,45;126,-2,45 
128,3,45;126,-2,45 126,-2,45;127,3,45 127,3,45;128,3,45 
101,7,45;101,7,45 101,7,45;102,1,45 102,1,45;101,7,45 
101,1,45;101,7,45 101,7,45;102,1,45 102,1,45;101,1,45 
103,-3,45;104,-3,45 104,-3,45;107,-6,45 107,-6,45;103,-3,45 
107,-7,45;103,-3,45 103,-3,45;107,-6,45 107,-6,45;107,-7,45 
113,-9,45;113,-8,45 113,-8,45;118,-8,45 118,-8,45;113,-9,45 
118,-8,45;113,-9,45 113,-9,45;118,-8,45 118,-8,45;118,-8,45 
123,-6,45;122,-5,45 122,-5,45;126,-2,45 126,-2,45;123,-6,45 
126,-2,45;123,-6,45 123,-6,45;126,-2,45 126,-2,45;126,-2,45 
128,3,45;127,3,45 127,3,45;127,9,45 127,9,45;128,3,45 
128,9,45;128,3,45 128,3,45;127,9,45 127,9,45;128,9,45 
125,14,45;125,13,45 125,13,45;121,17,45 121,17,45;125,14,45 
122,17,45;125,14,45 125,14,45;121,17,45 121,17,45;122,17,45 
116,19,45;116,18,45 116,18,45;111,18,45 111,18,45;116,19,45 
110,19,45;116,19,45 116,19,45;111,18,45 111,18,45;110,19,45 
106,16,45;106,16,45 106,16,45;103,12,45 103,12,45;106,16,45 
102,12,45;106,16,45 106,16,45;103,12,45 103,12,45;102,12,45 
110,19,11;110,21,14 110,21,14;104,18,14 104,18,14;110,19,11 
106,16,11;110,19,11 110,19,11;104,18,14 104,18,14;106,16,11 
106,16,11;104,18,14 104,18,14;100,14,14 100,14,14;106,16,11 
102,12,11;106,16,11 106,16,11;100,14,14 100,14,14;102,12,11 
102,12,11;100,14,14 100,14,14;98,7,14 98,7,14;102,12,11 
101,7,11;102,12,11 102,12,11;98,7,14 98,7,14;101,7,11 
101,7,11;98,7,14 98,7,14;98,1,14 98,1,14;101,7,11 
101,1,11;101,7,11 101,7,11;98,1,14 98,1,14;101,1,11 
101,1,11;98,1,14 98,1,14;101,-5,14 101,-5,14;101,1,11 
103,-3,11;101,1,11 101,1,11;101,-5,14 101,-5,14;103,-3,11 
103,-3,11;101,-5,14 101,-5,14;106,-9,14 106,-9,14;103,-3,11 
107,-7,11;103,-3,11 103,-3,11;106,-9,14 106,-9,14;107,-7,11 
107,-7,11;106,-9,14 106,-9,14;112,-11,14 112,-11,14;107,-7,11 
113,-8,11;107,-7,11 107,-7,11;112,-11,14 112,-11,14;113,-8,11 
113,-8,11;112,-11,14 112,-11,14;119,-11,14 119,-11,14;113,-8,11 
118,-8,11;113,-8,11 113,-8,11;119,-11,14 119,-11,14;118,-8,11 
118,-8,11;119,-11,14 119,-11,14;124,-8,14 124,-8,14;118,-8,11 
123,-6,11;118,-8,11 118,-8,11;124,-8,14 124,-8,14;123,-6,11 
123,-6,11;124,-8,14 124,-8,14;128,-3,14 128,-3,14;123,-6,11 
126,-2,11;123,-6,11 123,-6,11;128,-3,14 128,-3,14;126,-2,11 
126,-2,11;128,-3,14 128,-3,14;130,3,14 130,3,14;126,-2,11 
128,3,11;126,-2,11 126,-2,11;130,3,14 130,3,14;128,3,11 
128,3,11;130,3,14 130,3,14;130,10,14 130,10,14;128,3,11 
128,9,11;128,3,11 128,3,11;130,10,14 130,10,14;128,9,11 
128,9,11;130,10,14 130,10,14;127,15,14 127,15,14;128,9,11 
125,14,11;128,9,11 128,9,11;127,15,14 127,15,14;125,14,11 
125,14,11;127,15,14 127,15,14;123,19,14 123,19,14;125,14,11 
121,17,11;125,14,11 125,14,11;123,19,14 123,19,14;121,17,11 
121,17,11;123,19,14 123,19,14;116,21,14 116,21,14;121,17,11 
116,19,11;121,17,11 121,17,11;116,21,14 116,21,14;116,19,11 
116,19,11;116,21,14 116,21,14;110,21,14 110,21,14;116,19,11 
110,19,11;116,19,11 116,19,11;110,21,14 110,21,14;110,19,11 
101,-5,43;101,-5,42 101,-5,42;98,0,42 98,0,42;101,-5,43 
98,0,43;101,-5,43 101,-5,43;98,0,42 98,0,42;98,0,43 
129,-4,43;129,-3,42 129,-3,42;124,-8,42 124,-8,42;129,-4,43 
125,-8,43;129,-4,43 129,-4,43;124,-8,42 124,-8,42;125,-8,43 
112,-11,43;112,-11,42 112,-11,42;106,-9,42 106,-9,42;112,-11,43 
106,-10,43;112,-11,43 112,-11,43;106,-9,42 106,-9,42;106,-10,43 
131,10,43;130,10,42 130,10,42;130,3,42 130,3,42;131,10,43 
131,3,43;131,10,43 131,10,43;130,3,42 130,3,42;131,3,43 
116,22,43;116,21,42 116,21,42;123,19,42 123,19,42;116,22,43 
123,20,43;116,22,43 116,22,43;123,19,42 123,19,42;123,20,43 
123,20,43;123,19,42 123,19,42;127,15,42 127,15,42;123,20,43 
128,15,43;123,20,43 123,20,43;127,15,42 127,15,42;128,15,43 
98,7,43;98,7,42 98,7,42;100,14,42 100,14,42;98,7,43 
100,14,43;98,7,43 98,7,43;100,14,42 100,14,42;100,14,43 
110,22,43;110,21,42 110,21,42;116,21,42 116,21,42;110,22,43 
116,22,43;110,22,43 110,22,43;116,21,42 116,21,42;116,22,43 
131,3,43;130,3,42 130,3,42;129,-3,42 129,-3,42;131,3,43 
129,-4,43;131,3,43 131,3,43;129,-3,42 129,-3,42;129,-4,43 
104,19,43;104,18,42 104,18,42;110,21,42 110,21,42;104,19,43 
110,22,43;104,19,43 104,19,43;110,21,42 110,21,42;110,22,43 
100,14,43;100,14,42 100,14,42;104,18,42 104,18,42;100,14,43 
104,19,43;100,14,43 100,14,43;104,18,42 104,18,42;104,19,43 
98,0,43;98,0,42 98,0,42;98,7,42 98,7,42;98,0,43 
98,7,43;98,0,43 98,0,43;98,7,42 98,7,42;98,7,43 
128,15,43;127,15,42 127,15,42;130,10,42 130,10,42;128,15,43 
131,10,43;128,15,43 128,15,43;130,10,42 130,10,42;131,10,43 
106,-10,43;106,-9,42 106,-9,42;101,-5,42 101,-5,42;106,-10,43 
101,-5,43;106,-10,43 106,-10,43;101,-5,42 101,-5,42;101,-5,43 
125,-8,43;124,-8,42 124,-8,42;119,-11,42 119,-11,42;125,-8,43 
119,-11,43;125,-8,43 125,-8,43;119,-11,42 119,-11,42;119,-11,43 
119,-11,43;119,-11,42 119,-11,42;112,-11,42 112,-11,42;119,-11,43 
112,-11,43;119,-11,43 119,-11,43;112,-11,42 112,-11,42;112,-11,43 
102,12,45;100,14,43 100,14,43;104,19,43 104,19,43;102,12,45 
106,16,45;102,12,45 102,12,45;104,19,43 104,19,43;106,16,45 
101,7,45;98,7,43 98,7,43;100,14,43 100,14,43;101,7,45 
102,12,45;101,7,45 101,7,45;100,14,43 100,14,43;102,12,45 
101,1,45;98,0,43 98,0,43;98,7,43 98,7,43;101,1,45 
101,7,45;101,1,45 101,1,45;98,7,43 98,7,43;101,7,45 
103,-3,45;101,-5,43 101,-5,43;98,0,43 98,0,43;103,-3,45 
101,1,45;103,-3,45 103,-3,45;98,0,43 98,0,43;101,1,45 
107,-7,45;106,-10,43 106,-10,43;101,-5,43 101,-5,43;107,-7,45 
103,-3,45;107,-7,45 107,-7,45;101,-5,43 101,-5,43;103,-3,45 
113,-9,45;112,-11,43 112,-11,43;106,-10,43 106,-10,43;113,-9,45 
107,-7,45;113,-9,45 113,-9,45;106,-10,43 106,-10,43;107,-7,45 
118,-8,45;119,-11,43 119,-11,43;112,-11,43 112,-11,43;118,-8,45 
113,-9,45;118,-8,45 118,-8,45;112,-11,43 112,-11,43;113,-9,45 
123,-6,45;125,-8,43 125,-8,43;119,-11,43 119,-11,43;123,-6,45 
118,-8,45;123,-6,45 123,-6,45;119,-11,43 119,-11,43;118,-8,45 
126,-2,45;129,-4,43 129,-4,43;125,-8,43 125,-8,43;126,-2,45 
123,-6,45;126,-2,45 126,-2,45;125,-8,43 125,-8,43;123,-6,45 
128,3,45;131,3,43 131,3,43;129,-4,43 129,-4,43;128,3,45 
126,-2,45;128,3,45 128,3,45;129,-4,43 129,-4,43;126,-2,45 
128,9,45;131,10,43 131,10,43;131,3,43 131,3,43;128,9,45 
128,3,45;128,9,45 128,9,45;131,3,43 131,3,43;128,3,45 
125,14,45;128,15,43 128,15,43;131,10,43 131,10,43;125,14,45 
128,9,45;125,14,45 125,14,45;131,10,43 131,10,43;128,9,45 
122,17,45;123,20,43 123,20,43;128,15,43 128,15,43;122,17,45 
125,14,45;122,17,45 122,17,45;128,15,43 128,15,43;125,14,45 
116,19,45;116,22,43 116,22,43;123,20,43 123,20,43;116,19,45 
122,17,45;116,19,45 116,19,45;123,20,43 123,20,43;122,17,45 
110,19,45;110,22,43 110,22,43;116,22,43 116,22,43;110,19,45 
116,19,45;110,19,45 110,19,45;116,22,43 116,22,43;116,19,45 
106,16,45;104,19,43 104,19,43;110,22,43 110,22,43;106,16,45 
110,19,45;106,16,45 106,16,45;110,22,43 110,22,43;110,19,45 
119,-13,23;119,-11,15 119,-11,15;112,-11,15 112,-11,15;119,-13,23 
112,-13,23;119,-13,23 119,-13,23;112,-11,15 112,-11,15;112,-13,23 
119,-13,34;119,-13,23 119,-13,23;112,-13,23 112,-13,23;119,-13,34 
112,-13,34;119,-13,34 119,-13,34;112,-13,23 112,-13,23;112,-13,34 
126,-10,23;124,-8,15 124,-8,15;119,-11,15 119,-11,15;126,-10,23 
119,-13,23;126,-10,23 126,-10,23;119,-11,15 119,-11,15;119,-13,23 
126,-10,34;126,-10,23 126,-10,23;119,-13,23 119,-13,23;126,-10,34 
119,-13,34;126,-10,34 126,-10,34;119,-13,23 119,-13,23;119,-13,34 
105,-11,23;106,-9,15 106,-9,15;101,-5,15 101,-5,15;105,-11,23 
100,-6,23;105,-11,23 105,-11,23;101,-5,15 101,-5,15;100,-6,23 
105,-11,34;105,-11,23 105,-11,23;100,-6,23 100,-6,23;105,-11,34 
100,-6,34;105,-11,34 105,-11,34;100,-6,23 100,-6,23;100,-6,34 
129,16,23;127,15,15 127,15,15;130,10,15 130,10,15;129,16,23 
132,10,23;129,16,23 129,16,23;130,10,15 130,10,15;132,10,23 
129,16,34;129,16,23 129,16,23;132,10,23 132,10,23;129,16,34 
132,10,34;129,16,34 129,16,34;132,10,23 132,10,23;132,10,34 
96,0,23;99,1,15 99,1,15;98,7,15 98,7,15;96,0,23 
96,7,23;96,0,23 96,0,23;98,7,15 98,7,15;96,7,23 
96,0,34;96,0,23 96,0,23;96,7,23 96,7,23;96,0,34 
96,7,34;96,0,34 96,0,34;96,7,23 96,7,23;96,7,34 
98,15,23;100,14,15 100,14,15;104,18,15 104,18,15;98,15,23 
103,20,23;98,15,23 98,15,23;104,18,15 104,18,15;103,20,23 
98,15,34;98,15,23 98,15,23;103,20,23 103,20,23;98,15,34 
103,20,34;98,15,34 98,15,34;103,20,23 103,20,23;103,20,34 
103,20,23;104,18,15 104,18,15;110,21,15 110,21,15;103,20,23 
109,23,23;103,20,23 103,20,23;110,21,15 110,21,15;109,23,23 
103,20,34;103,20,23 103,20,23;109,23,23 109,23,23;103,20,34 
109,23,34;103,20,34 103,20,34;109,23,23 109,23,23;109,23,34 
132,3,23;130,3,15 130,3,15;128,-3,15 128,-3,15;132,3,23 
130,-4,23;132,3,23 132,3,23;128,-3,15 128,-3,15;130,-4,23 
132,3,34;132,3,23 132,3,23;130,-4,23 130,-4,23;132,3,34 
130,-4,34;132,3,34 132,3,34;130,-4,23 130,-4,23;130,-4,34 
109,23,23;110,21,15 110,21,15;116,21,15 116,21,15;109,23,23 
117,23,23;109,23,23 109,23,23;116,21,15 116,21,15;117,23,23 
109,23,34;109,23,23 109,23,23;117,23,23 117,23,23;109,23,34 
117,23,34;109,23,34 109,23,34;117,23,23 117,23,23;117,23,34 
96,7,23;98,7,15 98,7,15;100,14,15 100,14,15;96,7,23 
98,15,23;96,7,23 96,7,23;100,14,15 100,14,15;98,15,23 
96,7,34;96,7,23 96,7,23;98,15,23 98,15,23;96,7,34 
98,15,34;96,7,34 96,7,34;98,15,23 98,15,23;98,15,34 
124,21,23;123,19,15 123,19,15;127,15,15 127,15,15;124,21,23 
129,16,23;124,21,23 124,21,23;127,15,15 127,15,15;129,16,23 
124,21,34;124,21,23 124,21,23;129,16,23 129,16,23;124,21,34 
129,16,34;124,21,34 124,21,34;129,16,23 129,16,23;129,16,34 
117,23,23;116,21,15 116,21,15;123,19,15 123,19,15;117,23,23 
124,21,23;117,23,23 117,23,23;123,19,15 123,19,15;124,21,23 
117,23,34;117,23,23 117,23,23;124,21,23 124,21,23;117,23,34 
124,21,34;117,23,34 117,23,34;124,21,23 124,21,23;124,21,34 
132,10,23;130,10,15 130,10,15;130,3,15 130,3,15;132,10,23 
132,3,23;132,10,23 132,10,23;130,3,15 130,3,15;132,3,23 
132,10,34;132,10,23 132,10,23;132,3,23 132,3,23;132,10,34 
132,3,34;132,10,34 132,10,34;132,3,23 132,3,23;132,3,34 
112,-13,23;112,-11,15 112,-11,15;106,-9,15 106,-9,15;112,-13,23 
105,-11,23;112,-13,23 112,-13,23;106,-9,15 106,-9,15;105,-11,23 
112,-13,34;112,-13,23 112,-13,23;105,-11,23 105,-11,23;112,-13,34 
105,-11,34;112,-13,34 112,-13,34;105,-11,23 105,-11,23;105,-11,34 
130,-4,23;128,-3,15 128,-3,15;124,-8,15 124,-8,15;130,-4,23 
126,-10,23;130,-4,23 130,-4,23;124,-8,15 124,-8,15;126,-10,23 
130,-4,34;130,-4,23 130,-4,23;126,-10,23 126,-10,23;130,-4,34 
126,-10,34;130,-4,34 130,-4,34;126,-10,23 126,-10,23;126,-10,34 
100,-6,23;101,-5,15 101,-5,15;99,1,15 99,1,15;100,-6,23 
96,0,23;100,-6,23 100,-6,23;99,1,15 99,1,15;96,0,23 
100,-6,34;100,-6,23 100,-6,23;96,0,23 96,0,23;100,-6,34 
96,0,34;100,-6,34 100,-6,34;96,0,23 96,0,23;96,0,34 
116,18,7;116,19,5 116,19,5;122,17,5 122,17,5;116,18,7 
121,17,7;116,18,7 116,18,7;122,17,5 122,17,5;121,17,7 
127,9,7;128,9,5 128,9,5;128,3,5 128,3,5;127,9,7 
127,3,7;127,9,7 127,9,7;128,3,5 128,3,5;127,3,7 
113,-8,7;113,-9,5 113,-9,5;107,-7,5 107,-7,5;113,-8,7 
107,-6,7;113,-8,7 113,-8,7;107,-7,5 107,-7,5;107,-6,7 
126,-2,7;126,-2,5 126,-2,5;123,-6,5 123,-6,5;126,-2,7 
122,-5,7;126,-2,7 126,-2,7;123,-6,5 123,-6,5;122,-5,7 
104,-3,7;103,-3,5 103,-3,5;101,1,5 101,1,5;104,-3,7 
101,1,7;104,-3,7 104,-3,7;101,1,5 101,1,5;101,1,7 
118,-8,7;118,-8,5 118,-8,5;113,-9,5 113,-9,5;118,-8,7 
113,-8,7;118,-8,7 118,-8,7;113,-9,5 113,-9,5;113,-8,7 
122,-5,7;123,-6,5 123,-6,5;118,-8,5 118,-8,5;122,-5,7 
118,-8,7;122,-5,7 122,-5,7;118,-8,5 118,-8,5;118,-8,7 
107,-6,7;107,-7,5 107,-7,5;103,-3,5 103,-3,5;107,-6,7 
104,-3,7;107,-6,7 107,-6,7;103,-3,5 103,-3,5;104,-3,7 
125,13,7;125,14,5 125,14,5;128,9,5 128,9,5;125,13,7 
127,9,7;125,13,7 125,13,7;128,9,5 128,9,5;127,9,7 
101,1,7;101,1,5 101,1,5;101,7,5 101,7,5;101,1,7 
101,7,7;101,1,7 101,1,7;101,7,5 101,7,5;101,7,7 
103,12,7;102,12,5 102,12,5;106,16,5 106,16,5;103,12,7 
106,16,7;103,12,7 103,12,7;106,16,5 106,16,5;106,16,7 
106,16,7;106,16,5 106,16,5;110,19,5 110,19,5;106,16,7 
111,18,7;106,16,7 106,16,7;110,19,5 110,19,5;111,18,7 
127,3,7;128,3,5 128,3,5;126,-2,5 126,-2,5;127,3,7 
126,-2,7;127,3,7 127,3,7;126,-2,5 126,-2,5;126,-2,7 
111,18,7;110,19,5 110,19,5;116,19,5 116,19,5;111,18,7 
116,18,7;111,18,7 111,18,7;116,19,5 116,19,5;116,18,7 
101,7,7;101,7,5 101,7,5;102,12,5 102,12,5;101,7,7 
103,12,7;101,7,7 101,7,7;102,12,5 102,12,5;103,12,7 
121,17,7;122,17,5 122,17,5;125,14,5 125,14,5;121,17,7 
125,13,7;121,17,7 121,17,7;125,14,5 125,14,5;125,13,7 
119,-11,42;119,-13,34 119,-13,34;112,-13,34 112,-13,34;119,-11,42 
112,-11,42;119,-11,42 119,-11,42;112,-13,34 112,-13,34;112,-11,42 
124,-8,42;126,-10,34 126,-10,34;119,-13,34 119,-13,34;124,-8,42 
119,-11,42;124,-8,42 124,-8,42;119,-13,34 119,-13,34;119,-11,42 
106,-9,42;105,-11,34 105,-11,34;100,-6,34 100,-6,34;106,-9,42 
101,-5,42;106,-9,42 106,-9,42;100,-6,34 100,-6,34;101,-5,42 
127,15,42;129,16,34 129,16,34;132,10,34 132,10,34;127,15,42 
130,10,42;127,15,42 127,15,42;132,10,34 132,10,34;130,10,42 
98,0,42;96,0,34 96,0,34;96,7,34 96,7,34;98,0,42 
98,7,42;98,0,42 98,0,42;96,7,34 96,7,34;98,7,42 
100,14,42;98,15,34 98,15,34;103,20,34 103,20,34;100,14,42 
104,18,42;100,14,42 100,14,42;103,20,34 103,20,34;104,18,42 
104,18,42;103,20,34 103,20,34;109,23,34 109,23,34;104,18,42 
110,21,42;104,18,42 104,18,42;109,23,34 109,23,34;110,21,42 
130,3,42;132,3,34 132,3,34;130,-4,34 130,-4,34;130,3,42 
129,-3,42;130,3,42 130,3,42;130,-4,34 130,-4,34;129,-3,42 
110,21,42;109,23,34 109,23,34;117,23,34 117,23,34;110,21,42 
116,21,42;110,21,42 110,21,42;117,23,34 117,23,34;116,21,42 
98,7,42;96,7,34 96,7,34;98,15,34 98,15,34;98,7,42 
100,14,42;98,7,42 98,7,42;98,15,34 98,15,34;100,14,42 
123,19,42;124,21,34 124,21,34;129,16,34 129,16,34;123,19,42 
127,15,42;123,19,42 123,19,42;129,16,34 129,16,34;127,15,42 
116,21,42;117,23,34 117,23,34;124,21,34 124,21,34;116,21,42 
123,19,42;116,21,42 116,21,42;124,21,34 124,21,34;123,19,42 
130,10,42;132,10,34 132,10,34;132,3,34 132,3,34;130,10,42 
130,3,42;130,10,42 130,10,42;132,3,34 132,3,34;130,3,42 
112,-11,42;112,-13,34 112,-13,34;105,-11,34 105,-11,34;112,-11,42 
106,-9,42;112,-11,42 112,-11,42;105,-11,34 105,-11,34;106,-9,42 
129,-3,42;130,-4,34 130,-4,34;126,-10,34 126,-10,34;129,-3,42 
124,-8,42;129,-3,42 129,-3,42;126,-10,34 126,-10,34;124,-8,42 
101,-5,42;100,-6,34 100,-6,34;96,0,34 96,0,34;101,-5,42 
98,0,42;101,-5,42 101,-5,42;96,0,34 96,0,34;98,0,42 
125,4,14;127,3,43 127,3,43;126,-2,43 126,-2,43;125,4,14 
124,-1,14;125,4,14 125,4,14;126,-2,43 126,-2,43;124,-1,14 
107,14,14;106,15,43 106,15,43;111,18,43 111,18,43;107,14,14 
111,16,14;107,14,14 107,14,14;111,18,43 111,18,43;111,16,14 
105,11,14;103,12,43 103,12,43;106,15,43 106,15,43;105,11,14 
107,14,14;105,11,14 105,11,14;106,15,43 106,15,43;107,14,14 
103,2,14;102,1,43 102,1,43;102,7,43 102,7,43;103,2,14 
103,7,14;103,2,14 103,2,14;102,7,43 102,7,43;103,7,14 
123,12,14;125,13,43 125,13,43;127,9,43 127,9,43;123,12,14 
125,8,14;123,12,14 123,12,14;127,9,43 127,9,43;125,8,14 
108,-5,14;108,-6,43 108,-6,43;104,-3,43 104,-3,43;108,-5,14 
105,-2,14;108,-5,14 108,-5,14;104,-3,43 104,-3,43;105,-2,14 
121,-4,14;122,-5,43 122,-5,43;118,-8,43 118,-8,43;121,-4,14 
117,-6,14;121,-4,14 121,-4,14;118,-8,43 118,-8,43;117,-6,14 
117,-6,14;118,-8,43 118,-8,43;113,-8,43 113,-8,43;117,-6,14 
113,-6,14;117,-6,14 117,-6,14;113,-8,43 113,-8,43;113,-6,14 
105,-2,14;104,-3,43 104,-3,43;102,1,43 102,1,43;105,-2,14 
103,2,14;105,-2,14 105,-2,14;102,1,43 102,1,43;103,2,14 
124,-1,14;126,-2,43 126,-2,43;122,-5,43 122,-5,43;124,-1,14 
121,-4,14;124,-1,14 124,-1,14;122,-5,43 122,-5,43;121,-4,14 
113,-6,14;113,-8,43 113,-8,43;108,-6,43 108,-6,43;113,-6,14 
108,-5,14;113,-6,14 113,-6,14;108,-6,43 108,-6,43;108,-5,14 
125,8,14;127,9,43 127,9,43;127,3,43 127,3,43;125,8,14 
125,4,14;125,8,14 125,8,14;127,3,43 127,3,43;125,4,14 
116,16,14;116,18,43 116,18,43;121,16,43 121,16,43;116,16,14 
120,15,14;116,16,14 116,16,14;121,16,43 121,16,43;120,15,14 
120,15,14;121,16,43 121,16,43;125,13,43 125,13,43;120,15,14 
123,12,14;120,15,14 120,15,14;125,13,43 125,13,43;123,12,14 
103,7,14;102,7,43 102,7,43;103,12,43 103,12,43;103,7,14 
105,11,14;103,7,14 103,7,14;103,12,43 103,12,43;105,11,14 
111,16,14;111,18,43 111,18,43;116,18,43 116,18,43;111,16,14 
116,16,14;111,16,14 111,16,14;116,18,43 116,18,43;116,16,14 
107,14,14;111,16,14 111,16,14;116,16,14 116,16,14;107,14,14 
103,7,14;105,11,14 105,11,14;107,14,14 107,14,14;103,7,14 
105,-2,14;103,2,14 103,2,14;103,7,14 103,7,14;105,-2,14 
113,-6,14;108,-5,14 108,-5,14;105,-2,14 105,-2,14;113,-6,14 
121,-4,14;117,-6,14 117,-6,14;113,-6,14 113,-6,14;121,-4,14 
125,4,14;124,-1,14 124,-1,14;121,-4,14 121,-4,14;125,4,14 
123,12,14;125,8,14 125,8,14;125,4,14 125,4,14;123,12,14 
116,16,14;120,15,14 120,15,14;123,12,14 123,12,14;116,16,14 
103,7,14;107,14,14 107,14,14;116,16,14 116,16,14;103,7,14 
113,-6,14;105,-2,14 105,-2,14;103,7,14 103,7,14;113,-6,14 
125,4,14;121,-4,14 121,-4,14;113,-6,14 113,-6,14;125,4,14 
116,16,14;123,12,14 123,12,14;125,4,14 125,4,14;116,16,14 
113,-6,14;103,7,14 103,7,14;116,16,14 116,16,14;113,-6,14 
116,16,14;125,4,14 125,4,14;113,-6,14 113,-6,14;116,16,14 
101,-5,15;101,-5,14 101,-5,14;98,1,14 98,1,14;101,-5,15 
99,1,15;101,-5,15 101,-5,15;98,1,14 98,1,14;99,1,15 
128,-3,15;128,-3,14 128,-3,14;124,-8,14 124,-8,14;128,-3,15 
124,-8,15;128,-3,15 128,-3,15;124,-8,14 124,-8,14;124,-8,15 
112,-11,15;112,-11,14 112,-11,14;106,-9,14 106,-9,14;112,-11,15 
106,-9,15;112,-11,15 112,-11,15;106,-9,14 106,-9,14;106,-9,15 
130,10,15;130,10,14 130,10,14;130,3,14 130,3,14;130,10,15 
130,3,15;130,10,15 130,10,15;130,3,14 130,3,14;130,3,15 
116,21,15;116,21,14 116,21,14;123,19,14 123,19,14;116,21,15 
123,19,15;116,21,15 116,21,15;123,19,14 123,19,14;123,19,15 
123,19,15;123,19,14 123,19,14;127,15,14 127,15,14;123,19,15 
127,15,15;123,19,15 123,19,15;127,15,14 127,15,14;127,15,15 
98,7,15;98,7,14 98,7,14;100,14,14 100,14,14;98,7,15 
100,14,15;98,7,15 98,7,15;100,14,14 100,14,14;100,14,15 
110,21,15;110,21,14 110,21,14;116,21,14 116,21,14;110,21,15 
116,21,15;110,21,15 110,21,15;116,21,14 116,21,14;116,21,15 
130,3,15;130,3,14 130,3,14;128,-3,14 128,-3,14;130,3,15 
128,-3,15;130,3,15 130,3,15;128,-3,14 128,-3,14;128,-3,15 
104,18,15;104,18,14 104,18,14;110,21,14 110,21,14;104,18,15 
110,21,15;104,18,15 104,18,15;110,21,14 110,21,14;110,21,15 
100,14,15;100,14,14 100,14,14;104,18,14 104,18,14;100,14,15 
104,18,15;100,14,15 100,14,15;104,18,14 104,18,14;104,18,15 
99,1,15;98,1,14 98,1,14;98,7,14 98,7,14;99,1,15 
98,7,15;99,1,15 99,1,15;98,7,14 98,7,14;98,7,15 
127,15,15;127,15,14 127,15,14;130,10,14 130,10,14;127,15,15 
130,10,15;127,15,15 127,15,15;130,10,14 130,10,14;130,10,15 
106,-9,15;106,-9,14 106,-9,14;101,-5,14 101,-5,14;106,-9,15 
101,-5,15;106,-9,15 106,-9,15;101,-5,14 101,-5,14;101,-5,15 
124,-8,15;124,-8,14 124,-8,14;119,-11,14 119,-11,14;124,-8,15 
119,-11,15;124,-8,15 124,-8,15;119,-11,14 119,-11,14;119,-11,15 
119,-11,15;119,-11,14 119,-11,14;112,-11,14 112,-11,14;119,-11,15 
112,-11,15;119,-11,15 119,-11,15;112,-11,14 112,-11,14;112,-11,15 
111,18,43;111,18,45 111,18,45;116,18,45 116,18,45;111,18,43 
116,18,43;111,18,43 111,18,43;116,18,45 116,18,45;116,18,43 
102,7,43;101,7,45 101,7,45;103,12,45 103,12,45;102,7,43 
103,12,43;102,7,43 102,7,43;103,12,45 103,12,45;103,12,43 
121,16,43;121,17,45 121,17,45;125,13,45 125,13,45;121,16,43 
125,13,43;121,16,43 121,16,43;125,13,45 125,13,45;125,13,43 
116,18,43;116,18,45 116,18,45;121,17,45 121,17,45;116,18,43 
121,16,43;116,18,43 116,18,43;121,17,45 121,17,45;121,16,43 
127,9,43;127,9,45 127,9,45;127,3,45 127,3,45;127,9,43 
127,3,43;127,9,43 127,9,43;127,3,45 127,3,45;127,3,43 
113,-8,43;113,-8,45 113,-8,45;107,-6,45 107,-6,45;113,-8,43 
108,-6,43;113,-8,43 113,-8,43;107,-6,45 107,-6,45;108,-6,43 
126,-2,43;126,-2,45 126,-2,45;122,-5,45 122,-5,45;126,-2,43 
122,-5,43;126,-2,43 126,-2,43;122,-5,45 122,-5,45;122,-5,43 
104,-3,43;104,-3,45 104,-3,45;102,1,45 102,1,45;104,-3,43 
102,1,43;104,-3,43 104,-3,43;102,1,45 102,1,45;102,1,43 
118,-8,43;118,-8,45 118,-8,45;113,-8,45 113,-8,45;118,-8,43 
113,-8,43;118,-8,43 118,-8,43;113,-8,45 113,-8,45;113,-8,43 
122,-5,43;122,-5,45 122,-5,45;118,-8,45 118,-8,45;122,-5,43 
118,-8,43;122,-5,43 122,-5,43;118,-8,45 118,-8,45;118,-8,43 
108,-6,43;107,-6,45 107,-6,45;104,-3,45 104,-3,45;108,-6,43 
104,-3,43;108,-6,43 108,-6,43;104,-3,45 104,-3,45;104,-3,43 
125,13,43;125,13,45 125,13,45;127,9,45 127,9,45;125,13,43 
127,9,43;125,13,43 125,13,43;127,9,45 127,9,45;127,9,43 
102,1,43;102,1,45 102,1,45;101,7,45 101,7,45;102,1,43 
102,7,43;102,1,43 102,1,43;101,7,45 101,7,45;102,7,43 
103,12,43;103,12,45 103,12,45;106,16,45 106,16,45;103,12,43 
106,15,43;103,12,43 103,12,43;106,16,45 106,16,45;106,15,43 
106,15,43;106,16,45 106,16,45;111,18,45 111,18,45;106,15,43 
111,18,43;106,15,43 106,15,43;111,18,45 111,18,45;111,18,43 
127,3,43;127,3,45 127,3,45;126,-2,45 126,-2,45;127,3,43 
126,-2,43;127,3,43 127,3,43;126,-2,45 126,-2,45;126,-2,43 
105,11,10;104,3,10 104,3,10;106,3,8 106,3,8;105,11,10 
107,11,8;105,11,10 105,11,10;106,3,8 106,3,8;107,11,8 
146,5,67;137,6,61 137,6,61;138,6,60 138,6,60;146,5,67 
146,5,67;146,5,67 146,5,67;138,6,60 138,6,60;146,5,67 
129,1,52;136,0,61 136,0,61;137,0,60 137,0,60;129,1,52 
130,1,51;129,1,52 129,1,52;137,0,60 137,0,60;130,1,51 
116,9,31;111,10,20 111,10,20;112,10,19 112,10,19;116,9,31 
117,9,29;116,9,31 116,9,31;112,10,19 112,10,19;117,9,29 
129,1,52;130,7,52 130,7,52;137,6,61 137,6,61;129,1,52 
136,0,61;129,1,52 129,1,52;137,6,61 137,6,61;136,0,61 
104,3,10;109,2,19 109,2,19;111,2,17 111,2,17;104,3,10 
106,3,8;104,3,10 104,3,10;111,2,17 111,2,17;106,3,8 
110,3,20;115,2,31 115,2,31;116,2,29 116,2,29;110,3,20 
112,3,19;110,3,20 110,3,20;116,2,29 116,2,29;112,3,19 
118,2,35;115,2,31 115,2,31;116,9,31 116,9,31;118,2,35 
119,9,35;118,2,35 118,2,35;116,9,31 116,9,31;119,9,35 
121,2,40;118,2,35 118,2,35;119,9,35 119,9,35;121,2,40 
122,8,40;121,2,40 121,2,40;119,9,35 119,9,35;122,8,40 
123,1,44;121,2,40 121,2,40;122,8,40 122,8,40;123,1,44 
124,8,44;123,1,44 123,1,44;122,8,40 122,8,40;124,8,44 
126,1,48;123,1,44 123,1,44;124,8,44 124,8,44;126,1,48 
126,8,48;126,1,48 126,1,48;124,8,44 124,8,44;126,8,48 
129,1,52;126,1,48 126,1,48;126,8,48 126,8,48;129,1,52 
130,7,52;129,1,52 129,1,52;126,8,48 126,8,48;130,7,52 
127,1,46;130,1,51 130,1,51;131,7,51 131,7,51;127,1,46 
128,8,46;127,1,46 127,1,46;131,7,51 131,7,51;128,8,46 
125,1,42;127,1,46 127,1,46;128,8,46 128,8,46;125,1,42 
125,8,42;125,1,42 125,1,42;128,8,46 128,8,46;125,8,42 
122,2,38;125,1,42 125,1,42;125,8,42 125,8,42;122,2,38 
123,8,38;122,2,38 122,2,38;125,8,42 125,8,42;123,8,38 
119,2,33;122,2,38 122,2,38;123,8,38 123,8,38;119,2,33 
120,9,33;119,2,33 119,2,33;123,8,38 123,8,38;120,9,33 
116,2,29;119,2,33 119,2,33;120,9,33 120,9,33;116,2,29 
117,9,29;116,2,29 116,2,29;120,9,33 120,9,33;117,9,29 
119,2,33;116,2,29 116,2,29;115,2,31 115,2,31;119,2,33 
118,2,35;119,2,33 119,2,33;115,2,31 115,2,31;118,2,35 
122,2,38;119,2,33 119,2,33;118,2,35 118,2,35;122,2,38 
121,2,40;122,2,38 122,2,38;118,2,35 118,2,35;121,2,40 
125,1,42;122,2,38 122,2,38;121,2,40 121,2,40;125,1,42 
123,1,44;125,1,42 125,1,42;121,2,40 121,2,40;123,1,44 
127,1,46;125,1,42 125,1,42;123,1,44 123,1,44;127,1,46 
126,1,48;127,1,46 127,1,46;123,1,44 123,1,44;126,1,48 
130,1,51;127,1,46 127,1,46;126,1,48 126,1,48;130,1,51 
129,1,52;130,1,51 130,1,51;126,1,48 126,1,48;129,1,52 
128,8,46;131,7,51 131,7,51;130,7,52 130,7,52;128,8,46 
126,8,48;128,8,46 128,8,46;130,7,52 130,7,52;126,8,48 
125,8,42;128,8,46 128,8,46;126,8,48 126,8,48;125,8,42 
124,8,44;125,8,42 125,8,42;126,8,48 126,8,48;124,8,44 
123,8,38;125,8,42 125,8,42;124,8,44 124,8,44;123,8,38 
122,8,40;123,8,38 123,8,38;124,8,44 124,8,44;122,8,40 
120,9,33;123,8,38 123,8,38;122,8,40 122,8,40;120,9,33 
119,9,35;120,9,33 120,9,33;122,8,40 122,8,40;119,9,35 
117,9,29;120,9,33 120,9,33;119,9,35 119,9,35;117,9,29 
116,9,31;117,9,29 117,9,29;119,9,35 119,9,35;116,9,31 
110,3,20;111,10,20 111,10,20;116,9,31 116,9,31;110,3,20 
115,2,31;110,3,20 110,3,20;116,9,31 116,9,31;115,2,31 
116,2,29;117,9,29 117,9,29;112,10,19 112,10,19;116,2,29 
112,3,19;116,2,29 116,2,29;112,10,19 112,10,19;112,3,19 
104,3,10;105,11,10 105,11,10;110,11,19 110,11,19;104,3,10 
109,2,19;104,3,10 104,3,10;110,11,19 110,11,19;109,2,19 
110,11,19;105,11,10 105,11,10;107,11,8 107,11,8;110,11,19 
112,11,17;110,11,19 110,11,19;107,11,8 107,11,8;112,11,17 
112,10,18;112,10,19 112,10,19;111,10,20 111,10,20;112,10,18 
111,10,20;112,10,18 112,10,18;111,10,20 111,10,20;111,10,20 
112,11,17;112,10,18 112,10,18;111,10,20 111,10,20;112,11,17 
110,11,19;112,11,17 112,11,17;111,10,20 111,10,20;110,11,19 
111,3,18;111,2,17 111,2,17;109,2,19 109,2,19;111,3,18 
110,3,20;111,3,18 111,3,18;109,2,19 109,2,19;110,3,20 
112,3,19;111,3,18 111,3,18;110,3,20 110,3,20;112,3,19 
110,3,20;112,3,19 112,3,19;110,3,20 110,3,20;110,3,20 
110,3,20;109,2,19 109,2,19;110,11,19 110,11,19;110,3,20 
111,10,20;110,3,20 110,3,20;110,11,19 110,11,19;111,10,20 
110,3,20;110,3,20 110,3,20;111,10,20 111,10,20;110,3,20 
111,10,20;110,3,20 110,3,20;111,10,20 111,10,20;111,10,20 
111,3,18;112,3,19 112,3,19;112,10,19 112,10,19;111,3,18 
112,10,18;111,3,18 111,3,18;112,10,19 112,10,19;112,10,18 
111,2,17;111,3,18 111,3,18;112,10,18 112,10,18;111,2,17 
112,11,17;111,2,17 111,2,17;112,10,18 112,10,18;112,11,17 
111,2,17;112,11,17 112,11,17;107,11,8 107,11,8;111,2,17 
106,3,8;111,2,17 111,2,17;107,11,8 107,11,8;106,3,8 
149,4,69;153,5,70 153,5,70;153,5,70 153,5,70;149,4,69 
149,4,69;149,4,69 149,4,69;153,5,70 153,5,70;149,4,69 
146,5,67;149,4,69 149,4,69;149,4,69 149,4,69;146,5,67 
146,5,67;146,5,67 146,5,67;149,4,69 149,4,69;146,5,67 
149,4,69;146,5,67 146,5,67;145,-1,67 145,-1,67;149,4,69 
148,-1,69;149,4,69 149,4,69;145,-1,67 145,-1,67;148,-1,69 
153,5,70;149,4,69 149,4,69;148,-1,69 148,-1,69;153,5,70 
152,0,70;153,5,70 153,5,70;148,-1,69 148,-1,69;152,0,70 
148,-1,69;145,-1,67 145,-1,67;146,5,67 146,5,67;148,-1,69 
149,4,69;148,-1,69 148,-1,69;146,5,67 146,5,67;149,4,69 
152,0,70;148,-1,69 148,-1,69;149,4,69 149,4,69;152,0,70 
153,5,70;152,0,70 152,0,70;149,4,69 149,4,69;153,5,70 
148,-1,69;145,-1,67 145,-1,67;145,-1,67 145,-1,67;148,-1,69 
148,-1,69;148,-1,69 148,-1,69;145,-1,67 145,-1,67;148,-1,69 
152,0,70;148,-1,69 148,-1,69;148,-1,69 148,-1,69;152,0,70 
152,0,70;152,0,70 152,0,70;148,-1,69 148,-1,69;152,0,70 
145,-1,67;146,5,67 146,5,67;138,6,60 138,6,60;145,-1,67 
137,0,60;145,-1,67 145,-1,67;138,6,60 138,6,60;137,0,60 
152,1,70;152,0,70 152,0,70;153,5,70 153,5,70;152,1,70 
152,3,70;152,1,70 152,1,70;153,5,70 153,5,70;152,3,70 
137,0,60;138,6,60 138,6,60;131,7,51 131,7,51;137,0,60 
130,1,51;137,0,60 137,0,60;131,7,51 131,7,51;130,1,51 
136,0,61;137,6,61 137,6,61;146,5,67 146,5,67;136,0,61 
145,-1,67;136,0,61 136,0,61;146,5,67 146,5,67;145,-1,67 
136,0,61;145,-1,67 145,-1,67;145,-1,67 145,-1,67;136,0,61 
137,0,60;136,0,61 136,0,61;145,-1,67 145,-1,67;137,0,60 
137,6,61;130,7,52 130,7,52;131,7,51 131,7,51;137,6,61 
138,6,60;137,6,61 137,6,61;131,7,51 131,7,51;138,6,60 
152,1,70;152,1,70 152,1,70;152,3,70 152,3,70;152,1,70 
152,3,70;152,1,70 152,1,70;152,3,70 152,3,70;152,3,70 
152,3,70;153,5,70 153,5,70;153,5,70 153,5,70;152,3,70 
152,3,70;152,3,70 152,3,70;153,5,70 153,5,70;152,3,70 
152,1,70;152,0,70 152,0,70;152,0,70 152,0,70;152,1,70 
152,1,70;152,1,70 152,1,70;152,0,70 152,0,70;152,1,70 
152,3,70;153,5,70 153,5,70;152,0,70 152,0,70;152,3,70 
152,1,70;152,3,70 152,3,70;152,0,70 152,0,70;152,1,70 
126,16,27;127,4,24 127,4,24;122,-8,27 122,-8,27;126,16,27 
104,19,40;117,21,34 117,21,34;126,16,27 126,16,27;104,19,40 
101,-5,40;100,7,42 100,7,42;104,19,40 104,19,40;101,-5,40 
122,-8,27;113,-11,34 113,-11,34;101,-5,40 101,-5,40;122,-8,27 
104,19,40;126,16,27 126,16,27;122,-8,27 122,-8,27;104,19,40 
122,-8,27;101,-5,40 101,-5,40;104,19,40 104,19,40;122,-8,27 
